-8447.171265,-13082.945416,-11285.887514,-36715.958919,-34096.178007,-32381.285117,-20399.699557,-45315.837302,0.0
-8430.832139,-13067.23214,-11269.838961,-36696.892881,-34076.888451,-32364.163681,-20380.231187,-45299.833453,0.0
-8417.979886,-13054.558701,-11258.640737,-36686.991058,-34070.741721,-32354.865355,-20372.408077,-45288.478766,0.0
-8421.399703,-13047.204977,-11251.644641,-36682.610116,-34071.792253,-32352.317256,-20376.453743,-45295.228993,0.0
-8420.885613,-13040.164177,-11247.576624,-36680.35259,-34069.735893,-32347.422224,-20375.067934,-45294.960772,0.0
-8413.263668,-13024.406198,-11236.110179,-36679.8385,-34064.483233,-32337.363939,-20371.312841,-45288.411711,0.0
-8431.547395,-13041.48293,-11255.735011,-36695.2165,-34078.587184,-32352.674884,-20386.266158,-45303.230918,0.0
-8441.024535,-13067.478009,-11280.657206,-36712.315585,-34091.461789,-32370.243355,-20395.050394,-45308.796502,0.0
-8430.273346,-13059.252567,-11273.929331,-36705.453599,-34082.342277,-32362.554355,-20382.600472,-45294.133758,0.0
-8424.461892,-13045.729762,-11259.780676,-36694.389486,-34067.143091,-32349.389177,-20367.378934,-45283.963714,0.0
-8416.459968,-13032.676343,-11246.146112,-36681.090198,-34060.303457,-32337.430994,-20360.293431,-45276.922915,0.0
-8421.936145,-13038.845425,-11256.338508,-36689.203881,-34072.082826,-32346.483451,-20369.748219,-45284.656618,0.0
-8425.914756,-13041.259413,-11262.976976,-36692.914271,-34074.295649,-32352.183146,-20380.544112,-45292.189156,0.0
-8437.11298,-13060.079582,-11284.479354,-36702.480817,-34083.929251,-32370.221003,-20396.883237,-45306.918956,0.0
-8448.937052,-13069.713184,-11297.286904,-36717.568245,-34095.954489,-32380.972192,-20405.3769,-45314.607956,0.0
-8435.526006,-13048.590785,-11275.873932,-36706.213558,-34085.382114,-32360.095663,-20386.400269,-45295.273697,0.0
-8423.232546,-13032.095198,-11260.250063,-36686.275802,-34073.446283,-32345.008236,-20374.24092,-45283.851955,0.0
-8425.892404,-13037.750189,-11265.189798,-36691.461407,-34080.084751,-32351.624352,-20378.4654,-45295.273697,0.0
-8424.43954,-13044.634526,-11273.214075,-36700.692678,-34083.213995,-32355.692369,-20382.689879,-45297.307706,0.0
-8435.302488,-13049.596614,-11278.936121,-36706.861759,-34086.924384,-32361.682637,-20391.898798,-45304.124988,0.0
-8424.841872,-13036.453788,-11265.59213,-36692.310773,-34074.496815,-32349.03155,-20375.537321,-45291.272735,0.0
-8422.964325,-13041.259413,-11275.181028,-36699.753904,-34081.805835,-32356.184108,-20383.248673,-45294.15611,0.0
-8433.290831,-13051.47416,-11287.273322,-36697.65284,-34079.727123,-32364.856585,-20388.255464,-45300.638115,0.0
-8432.8885,-13044.478064,-11280.098412,-36697.116398,-34078.944812,-32357.927544,-20383.785115,-45295.340752,0.0
-8435.235433,-13048.501378,-11285.440479,-36697.921061,-34082.63285,-32361.772044,-20387.406097,-45303.633249,0.0
-8417.711665,-13027.960125,-11264.161618,-36685.046456,-34069.065341,-32345.097643,-20375.157341,-45290.691589,0.0
-8398.533869,-13006.36834,-11241.76517,-36673.17768,-34050.513393,-32325.450459,-20360.181673,-45277.660522,0.0
-8400.210249,-13007.083596,-11243.709772,-36670.473119,-34051.005131,-32323.349395,-20355.376048,-45272.832545,0.0
-8405.798186,-13022.930982,-11264.005156,-36677.983305,-34066.87487,-32337.028663,-20361.254556,-45274.575981,0.0
-8425.646535,-13047.584957,-11290.916656,-36698.54691,-34082.431684,-32360.676808,-20379.582987,-45294.737255,0.0
-8446.143084,-13060.996003,-11304.685331,-36704.760695,-34091.238271,-32374.132559,-20394.87158,-45310.852863,0.0
-8441.896253,-13052.949375,-11300.237334,-36708.314622,-34093.227576,-32374.467835,-20402.247656,-45312.261023,0.0
-8426.853529,-13044.522768,-11292.928313,-36699.351573,-34086.723219,-32367.35998,-20392.815219,-45308.64004,0.0
-8428.731075,-13044.232195,-11293.151831,-36700.491512,-34085.851501,-32365.773006,-20390.088307,-45310.159959,0.0
-8436.800055,-13033.235137,-11278.064403,-36710.818018,-34080.867062,-32355.155928,-20398.000824,-45308.237709,0.0
-8438.252919,-13024.719122,-11269.347223,-36702.816093,-34078.564832,-32347.198707,-20396.167981,-45308.952964,0.0
-8426.250032,-13029.94943,-11284.971092,-36693.115436,-34082.476387,-32356.429977,-20387.629615,-45299.766397,0.0
-8418.53868,-13041.818207,-11297.577476,-36700.133884,-34081.649373,-32367.248221,-20393.441068,-45306.360162,0.0
-8435.078971,-13047.204977,-11297.845697,-36710.035707,-34088.556062,-32370.735093,-20402.202952,-45320.531168,0.0
-8428.999296,-13019.131186,-11273.526999,-36701.944375,-34073.580393,-32348.606866,-20386.534379,-45302.314496,0.0
-8415.655305,-13001.696825,-11259.154827,-36686.722837,-34060.974009,-32332.044224,-20376.096115,-45285.282467,0.0
-8411.855508,-13007.173003,-11268.475505,-36680.374942,-34058.224745,-32336.268703,-20369.167074,-45284.29899,0.0
-8415.58825,-13012.000979,-11275.426897,-36683.101855,-34065.332599,-32344.158869,-20368.027135,-45289.261078,0.0
-8422.51729,-13013.856174,-11280.344281,-36698.971593,-34077.067265,-32352.697236,-20382.622824,-45301.219261,0.0
-8416.415264,-13002.479136,-11265.413316,-36688.287459,-34068.327733,-32340.649645,-20372.653946,-45297.263002,0.0
-8425.914756,-13002.121508,-11261.904092,-36704.380715,-34075.882623,-32343.01893,-20386.243807,-45307.969488,0.0
-8443.058544,-13016.270163,-11277.818534,-36719.378736,-34086.007963,-32354.015989,-20403.409946,-45312.886871,0.0
-8420.997372,-13005.116642,-11269.682499,-36691.193186,-34063.477405,-32340.604942,-20376.431391,-45290.31161,0.0
-8413.129558,-13005.206049,-11274.130496,-36681.671343,-34065.936096,-32345.142346,-20368.898853,-45290.57983,0.0
-8431.189767,-13017.030122,-11289.307331,-36703.732515,-34083.325754,-32361.123843,-20389.417754,-45304.79554,0.0
-8437.872939,-13011.375131,-11283.339415,-36708.940471,-34079.481254,-32357.100529,-20396.123278,-45310.18231,0.0
-8443.952613,-13001.518011,-11274.488124,-36713.544931,-34082.185815,-32351.736111,-20399.498391,-45314.250328,0.0
-8447.148913,-13007.463575,-11281.797145,-36718.261149,-34088.01962,-32358.195765,-20402.985263,-45316.70902,0.0
-8427.546433,-13005.98836,-11279.606674,-36706.839407,-34077.067265,-32349.702102,-20388.456629,-45299.587583,0.0
-8423.500767,-13007.351817,-11284.948741,-36697.854006,-34076.48612,-32351.780814,-20382.756934,-45296.257174,0.0
-8434.743695,-13011.665703,-11292.570685,-36705.431247,-34083.035181,-32360.207422,-20391.496467,-45307.187177,0.0
-8442.611509,-13011.375131,-11291.900133,-36709.588672,-34084.890376,-32360.989733,-20401.420641,-45316.84313,0.0
-8447.573596,-13016.985418,-11298.78447,-36720.563378,-34095.552158,-32368.634029,-20407.522667,-45327.303747,0.0
-8427.546433,-12997.584104,-11281.014834,-36704.17955,-34073.490986,-32349.255067,-20385.327385,-45304.169691,0.0
-8416.638782,-12992.15263,-11273.526999,-36693.830692,-34065.153785,-32341.767233,-20377.616033,-45296.056008,0.0
-8433.179073,-13001.070976,-11284.322892,-36711.063887,-34083.213995,-32353.39014,-20396.235036,-45311.255194,0.0
-8441.158645,-13003.373206,-11289.352034,-36712.919082,-34084.465693,-32358.754558,-20405.734528,-45320.307651,0.0
-8429.781607,-12989.917456,-11279.092584,-36703.28548,-34080.33062,-32349.053901,-20393.08344,-45311.098732,0.0
-8425.646535,-12997.047662,-11285.999273,-36708.53814,-34078.40837,-32347.802204,-20382.131086,-45294.491386,0.0
-8434.453122,-13016.471328,-11301.98077,-36714.841332,-34084.666858,-32360.967381,-20386.847304,-45299.744046,0.0
-8440.666907,-13005.898953,-11293.330645,-36719.579902,-34091.394733,-32358.665151,-20395.76565,-45307.365991,0.0
-8434.676639,-12998.411119,-11288.234447,-36708.761657,-34081.336448,-32348.204535,-20386.1544,-45300.504005,0.0
-8428.596965,-13003.820241,-11300.729072,-36705.453599,-34077.268431,-32352.831346,-20382.667528,-45297.888851,0.0
-8442.678564,-13013.386788,-11314.855375,-36722.172704,-34093.65226,-32368.589326,-20402.94056,-45317.960717,0.0
-8434.520177,-12995.99713,-11295.856392,-36713.723745,-34085.58328,-32351.445538,-20394.536304,-45306.8519,0.0
-8434.855453,-12996.37711,-11295.163488,-36712.047364,-34081.403504,-32352.11609,-20390.803562,-45301.398075,0.0
-8436.129503,-12998.589933,-11298.315084,-36712.337936,-34079.011867,-32357.033474,-20389.574217,-45300.861633,0.0
-8439.146988,-12995.393633,-11293.77768,-36717.344727,-34081.202338,-32352.831346,-20393.597531,-45303.834415,0.0
-8448.311204,-12992.085575,-11292.347168,-36726.86657,-34090.008925,-32354.887707,-20396.123278,-45315.792598,0.0
-8445.31607,-12992.197334,-11294.135308,-36719.401088,-34085.672687,-32354.127747,-20395.363318,-45317.87131,0.0
-8438.319974,-12990.900933,-11294.112956,-36715.355422,-34081.716428,-32350.395006,-20391.652929,-45311.098732,0.0
-8443.215006,-12989.001034,-11296.012854,-36722.105649,-34085.851501,-32351.244372,-20395.609188,-45306.963659,0.0
-8439.974003,-12994.611322,-11303.590095,-36714.729573,-34077.00021,-32352.049035,-20390.915321,-45300.861633,0.0
-8435.905985,-12998.589933,-11310.720302,-36709.208692,-34074.809739,-32356.027646,-20387.160228,-45300.727522,0.0
-8446.187788,-12996.310055,-11307.278133,-36717.702355,-34084.644507,-32356.497032,-20392.412888,-45304.303802,0.0
-8446.880692,-12986.631749,-11299.276209,-36716.763582,-34090.232443,-32352.071387,-20396.570313,-45308.617688,0.0
-8457.542474,-13000.243962,-11313.201346,-36732.856838,-34105.409277,-32368.835195,-20411.434223,-45330.365936,0.0
-8459.889407,-12996.600627,-11307.009912,-36731.538085,-34102.592957,-32365.325971,-20413.20001,-45329.740087,0.0
-8450.948709,-12987.79404,-11302.427805,-36724.899617,-34094.702792,-32359.514518,-20403.208781,-45322.945156,0.0
-8439.817541,-12976.394651,-11296.035206,-36718.350556,-34083.66103,-32350.998503,-20391.138839,-45310.986973,0.0
-8438.923471,-12972.997185,-11289.620255,-36705.20773,-34070.473501,-32342.549544,-20383.203969,-45305.555499,0.0
-8434.363715,-12964.682336,-11284.546409,-36700.715029,-34069.668838,-32335.084061,-20383.762763,-45303.163863,0.0
-8439.191692,-12968.05745,-11289.128517,-36716.763582,-34077.871928,-32341.878991,-20395.273911,-45314.116217,0.0
-8456.737811,-12986.631749,-11310.139157,-36728.006509,-34085.762094,-32359.827442,-20408.19322,-45324.621537,0.0
-8466.371413,-13009.341122,-11336.380105,-36727.827695,-34094.658088,-32376.479492,-20414.049377,-45329.203645,0.0
-8466.59493,-13010.928096,-11335.106055,-36731.493381,-34097.273242,-32375.071332,-20411.747147,-45330.120066,0.0
-8461.275215,-12991.951465,-11313.469567,-36730.286387,-34095.596861,-32356.184108,-20406.382728,-45324.01804,0.0
-8440.175169,-12967.900988,-11295.431709,-36717.054155,-34082.789312,-32341.007273,-20391.764688,-45305.421389,0.0
-8440.622203,-12972.840723,-11304.327703,-36723.737326,-34083.303402,-32349.724454,-20397.352624,-45310.830511,0.0
-8460.448201,-12990.409194,-11321.963229,-36735.360233,-34097.787332,-32366.644724,-20413.155307,-45325.336793,0.0
-8450.166398,-12980.529723,-11311.748482,-36731.001643,-34092.2441,-32359.15689,-20405.958045,-45317.848959,0.0
-8450.166398,-12975.724098,-11308.842755,-36728.431192,-34085.315059,-32354.217154,-20401.822973,-45320.352354,0.0
-8450.389916,-12972.259578,-11306.20525,-36723.133829,-34085.248004,-32350.9538,-20398.693728,-45325.627366,0.0
-8463.197465,-12991.415023,-11327.394703,-36740.992873,-34103.442324,-32371.71857,-20413.803508,-45345.587474,0.0
-8469.433602,-12986.452936,-11321.091511,-36743.719786,-34100.894225,-32368.701085,-20419.033816,-45344.022851,0.0
-8459.889407,-12968.728002,-11303.880668,-36725.972501,-34087.907861,-32349.947971,-20408.148516,-45328.689555,0.0
-8442.790323,-12966.559883,-11302.539563,-36715.958919,-34077.961335,-32341.09668,-20397.263217,-45317.916014,0.0
-8443.885558,-12963.967081,-11308.730997,-36717.12121,-34074.608573,-32344.672959,-20397.889065,-45315.569081,0.0
-8445.249015,-12974.450049,-11321.650305,-36723.53616,-34078.274259,-32354.150099,-20398.961949,-45312.596299,0.0
-8470.640596,-13001.428604,-11342.86211,-36747.608989,-34098.033201,-32375.406608,-20420.687845,-45335.283319,0.0
-8457.36366,-12981.021462,-11322.142043,-36733.661501,-34085.449169,-32356.184108,-20404.281664,-45325.917938,0.0
-8457.251901,-12975.545284,-11318.25284,-36723.960844,-34087.12555,-32354.753596,-20404.505182,-45330.388287,0.0
-8458.704765,-12966.895159,-11312.195517,-36732.678024,-34091.953527,-32352.965457,-20414.228191,-45328.801313,0.0
-8473.591026,-12967.744525,-11315.704741,-36748.056024,-34096.893262,-32356.318218,-20422.274819,-45336.467962,0.0
-8468.025442,-12979.72506,-11328.89227,-36737.148373,-34092.042934,-32362.219079,-20413.602342,-45337.004404,0.0
-8454.03325,-12977.847514,-11327.059427,-36723.02207,-34085.091541,-32358.039303,-20401.15242,-45329.002479,0.0
-8454.279119,-12970.694956,-11319.996276,-36727.335957,-34081.761131,-32351.289076,-20404.683996,-45328.89072,0.0
-8461.498733,-12968.526836,-11321.091511,-36730.599312,-34078.900108,-32349.478584,-20410.070766,-45331.841151,0.0
-8458.77182,-12965.598758,-11321.739712,-36726.307777,-34079.570661,-32349.322122,-20414.451708,-45330.656508,0.0
-8471.042928,-12979.814467,-11329.92045,-36743.295103,-34096.043896,-32359.380407,-20427.013389,-45337.585549,0.0
-8470.886465,-12970.046755,-11322.142043,-36748.413652,-34089.092504,-32348.964494,-20421.581915,-45328.019002,0.0
-8458.570654,-12950.466627,-11305.892325,-36727.604178,-34071.121701,-32332.178334,-20408.304978,-45320.709982,0.0
-8459.576483,-12963.542397,-11316.621162,-36720.876303,-34075.636754,-32341.901343,-20413.647045,-45335.059802,0.0
-8460.917587,-12968.303319,-11318.789282,-36733.281521,-34080.598841,-32342.996579,-20415.904572,-45336.602072,0.0
-8466.416117,-12959.519083,-11313.089587,-36738.154201,-34078.788349,-32338.302712,-20412.55181,-45330.142418,0.0
-8468.092497,-12962.983604,-11320.040979,-36739.16003,-34086.879681,-32343.577724,-20418.83265,-45341.497104,0.0
-8465.142067,-12947.002107,-11301.712549,-36732.789783,-34083.593975,-32333.161811,-20416.061034,-45345.587474,0.0
-8471.780535,-12961.933072,-11318.833985,-36739.16003,-34086.007963,-32344.002407,-20422.02895,-45343.441706,0.0
-8478.486059,-12977.869866,-11341.364544,-36749.531239,-34086.387943,-32356.832308,-20429.136804,-45344.0005,0.0
-8468.338367,-12966.425772,-11336.290698,-36735.807268,-34078.341315,-32347.645741,-20415.725758,-45329.516569,0.0
-8464.695032,-12967.833932,-11335.776607,-36733.996777,-34085.672687,-32348.584515,-20418.676188,-45333.316366,0.0
-8474.14982,-12967.006918,-11332.08857,-36742.736309,-34091.126512,-32349.366826,-20428.734473,-45342.07825,0.0
-8463.979776,-12959.139104,-11323.237279,-36723.312643,-34082.789312,-32342.214268,-20416.999807,-45341.206532,0.0
-8463.041003,-12960.815485,-11327.774683,-36740.121155,-34087.773751,-32346.908134,-20418.184449,-45338.971357,0.0
-8484.923361,-12973.31011,-11340.850453,-36761.735292,-34095.954489,-32359.760387,-20435.082368,-45351.600093,0.0
-8471.087631,-12955.160493,-11322.298506,-36739.495306,-34077.849576,-32340.537887,-20416.731586,-45337.585549,0.0
-8481.883524,-12959.072049,-11328.668753,-36749.28537,-34093.473446,-32349.433881,-20433.897726,-45348.917884,0.0
-8477.323768,-12950.131351,-11321.471491,-36743.250399,-34088.556062,-32343.465965,-20429.762653,-45344.0005,0.0
-8472.60755,-12958.06622,-11325.606564,-36737.796573,-34087.192605,-32344.963532,-20430.74613,-45344.51459,0.0
-8471.758183,-12960.346098,-11331.485073,-36741.037576,-34088.109027,-32347.690445,-20429.986171,-45346.682709,0.0
-8467.556055,-12953.975851,-11329.138139,-36734.242646,-34081.939945,-32342.951875,-20423.504165,-45342.771154,0.0
-8462.303396,-12945.415133,-11325.584212,-36725.726631,-34081.068227,-32340.180259,-20416.128089,-45334.501008,0.0
-8471.668776,-12953.573519,-11331.373314,-36744.569152,-34088.466655,-32349.478584,-20428.399197,-45346.168619,0.0
-8471.668776,-12943.828159,-11315.883555,-36741.015225,-34075.435588,-32337.76627,-20423.079481,-45342.257064,0.0
-8465.969082,-12936.474435,-11311.279096,-36732.11923,-34073.714503,-32332.468907,-20416.731586,-45339.418392,0.0
-8461.185808,-12925.477377,-11306.115843,-36732.365099,-34076.396713,-32325.629273,-20412.998845,-45327.571968,0.0
-8451.552206,-12917.766025,-11298.091566,-36724.743155,-34066.204317,-32315.950968,-20406.583894,-45318.76538,0.0
-8463.689204,-12928.651324,-11305.95938,-36732.543913,-34073.066303,-32330.323139,-20413.937618,-45335.372726,0.0
-8458.615358,-12935.602717,-11312.597848,-36725.413707,-34076.664934,-32336.760442,-20406.539191,-45336.490314,0.0
-8459.174151,-12943.247013,-11321.806767,-36726.73246,-34082.431684,-32341.878991,-20413.043548,-45339.060764,0.0
-8463.890369,-12935.870938,-11320.219793,-36731.448678,-34081.649373,-32339.04032,-20419.86083,-45340.044241,0.0
-8456.827218,-12931.914679,-11322.74554,-36732.298044,-34082.364629,-32337.051015,-20414.317598,-45326.409677,0.0
-8463.219817,-12950.444275,-11339.822273,-36739.070623,-34085.180948,-32345.790547,-20416.39631,-45329.047183,0.0
-8471.668776,-12956.747467,-11347.019535,-36746.692568,-34093.607556,-32351.825518,-20427.303961,-45338.703136,0.0
-8469.612416,-12949.974889,-11338.034134,-36743.049233,-34089.964222,-32348.383349,-20425.180545,-45341.810029,0.0
-8469.92534,-12948.276156,-11331.485073,-36735.807268,-34084.30923,-32345.298808,-20418.050339,-45338.703136,0.0
-8460.448201,-12924.918583,-11311.480261,-36726.73246,-34074.519166,-32328.199724,-20409.757842,-45330.410639,0.0
-8458.816523,-12914.413263,-11303.344226,-36727.62653,-34075.614402,-32322.947064,-20408.014406,-45329.2707,0.0
-8462.9963,-12928.696028,-11318.610468,-36731.851009,-34081.671725,-32333.832363,-20410.741319,-45334.411601,0.0
-8468.606587,-12937.636726,-11329.473416,-36740.814059,-34085.225652,-32343.667131,-20416.105737,-45342.525285,0.0
-8479.491887,-12949.281984,-11344.158512,-36745.709091,-34092.959355,-32357.078178,-20429.315618,-45350.393099,0.0
-8461.744602,-12944.386952,-11338.481169,-36732.387451,-34081.291745,-32345.83525,-20416.619827,-45335.193912,0.0
-8458.660061,-12938.351981,-11335.642497,-36739.271789,-34085.695039,-32340.224962,-20416.53042,-45329.024831,0.0
-8459.218855,-12935.51331,-11337.385933,-36735.650806,-34089.003097,-32342.773061,-20414.049377,-45327.482561,0.0
-8452.200407,-12926.013819,-11326.277116,-36726.575998,-34081.470559,-32337.453346,-20407.969702,-45325.694421,0.0
-8456.223721,-12920.716455,-11322.700837,-36727.335957,-34081.671725,-32338.302712,-20415.166964,-45333.137552,0.0
-8450.948709,-12914.681484,-11315.30241,-36720.496323,-34074.161538,-32328.646759,-20406.852115,-45327.057877,0.0
-8451.418096,-12911.373426,-11311.45791,-36727.425364,-34071.971067,-32324.914017,-20406.159211,-45326.722601,0.0
-8450.501674,-12921.476414,-11322.723189,-36723.849085,-34068.79712,-32329.473773,-20404.549885,-45325.090924,0.0
-8456.626052,-12937.636726,-11342.146855,-36728.297082,-34077.268431,-32342.50484,-20411.948313,-45329.673032,0.0
-8457.140143,-12934.194557,-11340.872805,-36733.952073,-34082.856367,-32342.303674,-20415.613999,-45328.398982,0.0
-8464.650329,-12929.545394,-11336.558919,-36744.680911,-34093.27228,-32344.29298,-20422.967723,-45333.1152,0.0
-8478.061375,-12941.592984,-11345.991355,-36754.292161,-34099.977803,-32354.463023,-20431.193165,-45343.955796,0.0
-8466.706689,-12940.274231,-11344.896119,-36739.562361,-34091.99823,-32351.333779,-20422.16306,-45343.553465,0.0
-8460.604663,-12941.257708,-11347.868901,-36734.443812,-34096.043896,-32355.82648,-20420.665493,-45347.196799,0.0
-8443.930262,-12916.067292,-11322.522023,-36717.992928,-34075.770864,-32333.519439,-20401.085365,-45326.812008,0.0
-8436.21891,-12899.906981,-11307.568706,-36715.176608,-34063.924439,-32316.755631,-20392.479943,-45313.847996,0.0
-8444.198483,-12914.994408,-11321.06916,-36726.061908,-34076.307306,-32327.171543,-20405.645121,-45315.725543,0.0
-8447.998279,-12915.195574,-11322.924354,-36726.620701,-34075.145015,-32331.105451,-20410.830726,-45322.654584,0.0
-8457.140143,-12920.470586,-11331.797997,-36733.370928,-34080.688248,-32336.045186,-20416.217496,-45331.952909,0.0
-8458.727116,-12927.712551,-11339.621108,-36734.488515,-34076.821396,-32335.821669,-20413.401176,-45331.729392,0.0
-8455.799038,-12920.157661,-11330.009857,-36734.667329,-34072.038123,-32325.741032,-20405.287493,-45319.190063,0.0
-8451.574558,-12917.654266,-11328.288773,-36733.952073,-34076.48612,-32325.58457,-20404.974568,-45318.988898,0.0
-8457.609529,-12921.766987,-11332.356791,-36739.338844,-34087.483178,-32336.536924,-20412.194182,-45331.841151,0.0
-8455.262596,-12904.37733,-11314.743616,-36734.466163,-34081.023524,-32324.779907,-20409.869601,-45328.488389,0.0
-8450.501674,-12905.427862,-11313.201346,-36726.263073,-34072.194585,-32322.075346,-20403.141725,-45317.22311,0.0
-8442.209177,-12912.312199,-11325.494805,-36716.920044,-34068.975934,-32332.290093,-20395.117449,-45314.250328,0.0
-8449.875826,-12922.348132,-11337.520044,-36734.466163,-34072.686323,-32335.374634,-20403.477002,-45322.632232,0.0
-8446.545416,-12912.088682,-11326.366523,-36732.588617,-34069.132396,-32320.600131,-20403.432298,-45314.40679,0.0
-8446.523064,-12906.388987,-11322.365561,-36729.101745,-34070.026466,-32314.69927,-20402.113545,-45308.684743,0.0
-8461.20816,-12917.676618,-11330.121616,-36739.115326,-34075.703809,-32323.394099,-20409.981359,-45322.051087,0.0
-8466.103192,-12918.481281,-11324.91366,-36741.59637,-34075.59205,-32325.741032,-20419.592609,-45327.34845,0.0
-8452.021593,-12901.717472,-11311.59202,-36734.175591,-34064.304419,-32311.793543,-20411.791851,-45316.105523,0.0
-8452.312166,-12903.751481,-11324.645439,-36735.069661,-34062.471576,-32315.772154,-20406.136859,-45317.401924,0.0
-8456.98368,-12923.331609,-11346.706611,-36740.814059,-34072.954544,-32336.693387,-20404.371071,-45324.219206,0.0
-8441.382163,-12909.205307,-11330.568651,-36730.778126,-34065.690227,-32323.885837,-20386.444972,-45297.24065,0.0
-8446.85834,-12896.621275,-11314.721264,-36721.390393,-34060.191698,-32314.453401,-20379.135952,-45296.503043,0.0
-8463.666852,-12914.279153,-11326.947668,-36734.354405,-34077.938983,-32323.930541,-20394.402193,-45322.721639,0.0
-8467.533704,-12927.82431,-11345.611375,-36751.185268,-34088.891338,-32335.128765,-20415.166964,-45329.024831,0.0
-8446.143084,-12914.614429,-11336.670677,-36739.718823,-34070.898184,-32321.807125,-20401.197124,-45310.763456,0.0
-8446.925395,-12902.946818,-11330.523948,-36747.586637,-34073.625097,-32318.879046,-20398.783135,-45307.477749,0.0
-8466.416117,-12906.724263,-11323.393741,-36753.219277,-34075.100312,-32324.399927,-20413.356473,-45332.310537,0.0
-8461.834009,-12908.780624,-11325.56186,-36731.426326,-34068.908878,-32330.300788,-20409.869601,-45335.439782,0.0
-8458.481247,-12921.275249,-11341.878634,-36738.981216,-34079.458902,-32341.722529,-20408.752013,-45335.976223,0.0
-8457.989509,-12926.259688,-11344.225567,-36740.7023,-34086.767922,-32342.124861,-20410.651912,-45333.294014,0.0
-8461.431678,-12926.483205,-11343.689125,-36745.753794,-34088.868986,-32342.527192,-20416.865697,-45334.858636,0.0
-8458.950634,-12916.491975,-11339.196424,-36747.631341,-34090.053629,-32340.649645,-20415.748109,-45332.846979,0.0
-8455.709631,-12916.93901,-11341.588061,-36746.245533,-34090.478312,-32343.197744,-20410.003711,-45332.757572,0.0
-8439.124637,-12913.675656,-11334.927241,-36727.872399,-34081.87289,-32342.773061,-20395.609188,-45325.29209,0.0
-8428.775779,-12907.148946,-11332.692067,-36715.601291,-34082.655201,-32348.875087,-20390.803562,-45322.229901,0.0
-8405.351151,-12899.527001,-11327.685276,-36697.988117,-34067.165442,-32338.682692,-20376.431391,-45310.271717,0.0
-8393.54943,-12903.460908,-11333.653192,-36693.830692,-34072.038123,-32337.810974,-20377.101943,-45306.404866,0.0
-8377.41147,-12889.781641,-11321.20327,-36686.767541,-34074.675629,-32318.968453,-20376.051411,-45304.773188,0.0
-8371.711775,-12880.863295,-11315.883555,-36683.839462,-34069.042989,-32319.996634,-20371.759876,-45308.438874,0.0
-8382.820592,-12895.526039,-11333.228509,-36690.612041,-34063.589163,-32339.710872,-20370.642289,-45303.968525,0.0
-8392.722415,-12899.12467,-11340.448122,-36693.473064,-34057.643599,-32344.047111,-20363.959117,-45290.132796,0.0
-8403.115976,-12894.564914,-11337.609451,-36705.543006,-34076.888451,-32340.895515,-20369.837626,-45291.831528,0.0
-8407.966305,-12888.440536,-11333.317916,-36711.041535,-34077.022562,-32332.804183,-20371.80458,-45295.497214,0.0
-8407.027532,-12889.066385,-11329.339305,-36711.734439,-34078.989515,-32331.440727,-20373.972699,-45298.805272,0.0
-8425.981811,-12907.953609,-11339.956384,-36726.844219,-34097.027373,-32346.483451,-20388.07665,-45319.860616,0.0
-8421.779683,-12896.598923,-11328.601698,-36728.766469,-34089.964222,-32338.772099,-20389.417754,-45314.384438,0.0
-8422.182014,-12886.764155,-11324.868956,-36729.638187,-34082.789312,-32339.107375,-20393.262254,-45306.181348,0.0
-8415.118863,-12871.788486,-11308.1275,-36714.662518,-34072.12753,-32325.629273,-20381.706403,-45300.57106,0.0
-8416.124692,-12868.614539,-11304.55122,-36702.100837,-34076.329658,-32319.504895,-20368.720039,-45300.146377,0.0
-8446.612471,-12913.675656,-11350.93109,-36737.684815,-34110.728992,-32362.889631,-20400.459516,-45332.377593,0.0
-8434.766046,-12905.9196,-11343.152683,-36725.011376,-34081.87289,-32339.085023,-20392.077612,-45321.671107,0.0
-8434.229605,-12895.906019,-11337.09536,-36736.72369,-34085.002134,-32337.76627,-20395.542132,-45314.183273,0.0
-8438.431732,-12893.894362,-11333.988468,-36738.489477,-34095.507454,-32345.075291,-20401.085365,-45313.713886,0.0
-8433.894328,-12891.279208,-11329.898099,-36736.746041,-34096.848559,-32340.135555,-20392.882275,-45309.914089,0.0
-8423.187843,-12891.748594,-11331.641535,-36726.464239,-34086.834977,-32332.781831,-20383.807466,-45307.522453,0.0
-8414.850642,-12889.736937,-11329.965154,-36716.830637,-34076.843748,-32327.193895,-20380.432353,-45300.459302,0.0
-8422.807863,-12892.307388,-11334.346096,-36719.490495,-34085.672687,-32336.559276,-20386.467324,-45305.331982,0.0
-8427.077046,-12906.388987,-11344.203215,-36720.943358,-34094.076943,-32349.456233,-20385.617958,-45326.297918,0.0
-8434.631936,-12907.260705,-11345.186692,-36733.572094,-34098.569643,-32352.853698,-20393.217551,-45337.250273,0.0
-8441.60568,-12902.656246,-11342.325669,-36737.37189,-34091.975879,-32343.689483,-20398.514914,-45327.571968,0.0
-8437.358849,-12897.247123,-11341.498654,-36738.467126,-34086.186777,-32338.861506,-20396.771478,-45310.651697,0.0
-8422.070256,-12883.858428,-11331.127445,-36722.329166,-34070.071169,-32328.602055,-20380.633519,-45293.932592,0.0
-8419.388046,-12884.931312,-11328.109959,-36709.342803,-34068.327733,-32326.635102,-20372.363373,-45293.26204,0.0
-8416.772892,-12890.251027,-11330.836872,-36714.975442,-34078.006038,-32332.155983,-20377.459571,-45299.721694,0.0
-8432.240299,-12904.042054,-11345.745486,-36731.538085,-34089.673649,-32347.198707,-20392.099964,-45322.431066,0.0
-8428.753427,-12890.385138,-11335.016648,-36722.530332,-34074.161538,-32332.290093,-20383.651004,-45320.732334,0.0
-8423.836043,-12881.31033,-11328.445235,-36724.787858,-34080.777655,-32328.244427,-20381.862865,-45315.077342,0.0
-8427.25586,-12887.814687,-11339.084666,-36736.8578,-34086.723219,-32336.335759,-20387.048469,-45313.088037,0.0
-8439.594023,-12915.664961,-11363.582178,-36738.13185,-34082.029352,-32347.936314,-20388.613092,-45319.882967,0.0
-8434.922509,-12924.516252,-11364.990337,-36724.497285,-34081.202338,-32343.555372,-20388.389574,-45328.823665,0.0
-8438.051753,-12909.048844,-11348.606509,-36721.815076,-34087.326716,-32330.278436,-20392.43524,-45320.486465,0.0
-8449.764067,-12908.177126,-11355.28968,-36732.566265,-34077.536652,-32337.296884,-20398.023176,-45311.769284,0.0
-8443.505578,-12921.565821,-11367.337271,-36734.399108,-34075.256774,-32339.666169,-20392.658757,-45325.560311,0.0
-8425.8477,-12892.061519,-11337.564747,-36726.464239,-34070.182928,-32324.019948,-20372.743353,-45306.963659,0.0
-8417.085817,-12886.652397,-11332.848529,-36723.178533,-34072.328695,-32322.991767,-20371.268138,-45294.580793,0.0
-8425.557128,-12907.819499,-11354.395611,-36723.849085,-34069.892355,-32333.161811,-20384.321557,-45317.804255,0.0
-8457.095439,-12923.488071,-11368.298396,-36742.49044,-34072.462806,-32337.475698,-20404.661644,-45346.034508,0.0
-8457.140143,-12934.48513,-11372.746393,-36742.713957,-34073.80391,-32340.493183,-20409.646083,-45363.35711,0.0
-8439.214044,-12920.448234,-11355.692012,-36726.441887,-34058.448262,-32324.042299,-20385.930882,-45341.608863,0.0
-8436.285965,-12920.917621,-11351.355773,-36724.720803,-34057.889468,-32320.555427,-20378.800676,-45337.630253,0.0
-8443.52793,-12928.517214,-11357.636614,-36731.001643,-34060.370512,-32331.418375,-20393.888103,-45340.737145,0.0
-8437.11298,-12932.540528,-11366.957291,-36728.766469,-34066.316076,-32338.213305,-20388.970719,-45330.589453,0.0
-8435.861282,-12938.508444,-11381.083593,-36739.16003,-34084.443341,-32348.13748,-20389.596568,-45340.401869,0.0
-8439.862244,-12939.916604,-11379.608378,-36743.630379,-34089.539539,-32344.740015,-20388.72485,-45344.13461,0.0
-8452.088648,-12947.292679,-11381.016538,-36748.659521,-34088.354896,-32348.025721,-20398.425507,-45356.025738,0.0
-8441.493921,-12938.664906,-11372.142896,-36736.991911,-34079.503605,-32342.571895,-20397.576141,-45348.806125,0.0
-8423.590174,-12917.117824,-11348.159474,-36716.517713,-34064.43853,-32322.678843,-20377.526626,-45328.510741,0.0
-8420.907965,-12914.972057,-11341.498654,-36714.059021,-34057.308323,-32315.347471,-20373.570368,-45327.393154,0.0
-8418.896308,-12930.998258,-11350.662869,-36717.210617,-34050.446338,-32318.230846,-20375.559673,-45329.225997,0.0
-8435.213081,-12951.003069,-11370.421811,-36731.09105,-34063.499756,-32331.105451,-20393.888103,-45342.771154,0.0
-8429.6922,-12957.462723,-11372.612282,-36726.35248,-34062.426873,-32330.144326,-20389.060126,-45343.084078,0.0
-8432.553224,-12954.109961,-11365.437372,-36728.610006,-34055.542535,-32324.466982,-20387.540208,-45344.268721,0.0
-8445.070201,-12963.877674,-11374.89216,-36737.081318,-34072.976896,-32339.68852,-20401.465345,-45361.859544,0.0
-8445.293718,-12963.967081,-11375.115678,-36739.67412,-34078.184852,-32341.878991,-20401.644159,-45362.395985,0.0
-8428.842834,-12949.684316,-11365.795,-36728.095916,-34065.779634,-32332.334796,-20384.902702,-45341.877084,0.0
-8423.970154,-12949.974889,-11366.465553,-36724.720803,-34068.059512,-32331.820706,-20381.147609,-45335.573892,0.0
-8433.313183,-12958.826179,-11371.762916,-36731.560437,-34080.196509,-32340.247314,-20391.988205,-45350.214285,0.0
-8429.759256,-12954.825217,-11364.990337,-36728.610006,-34076.933155,-32338.883858,-20394.938635,-45353.812916,0.0
-8439.03523,-12957.797999,-11363.984509,-36729.03469,-34057.710654,-32336.626331,-20391.049432,-45354.282302,0.0
-8425.981811,-12962.156589,-11361.838742,-36715.824809,-34038.666968,-32328.177372,-20374.799713,-45339.150171,0.0
-8430.005125,-12970.002052,-11371.829971,-36728.989986,-34064.416178,-32336.939256,-20385.707365,-45337.093811,0.0
-8437.582366,-12972.55015,-11373.707518,-36739.472954,-34075.837919,-32334.122936,-20385.752068,-45339.887779,0.0
-8434.967212,-12977.6687,-11378.759012,-36737.349538,-34074.273297,-32336.514573,-20383.740411,-45344.291072,0.0
-8432.821445,-12979.300377,-11383.47523,-36729.749945,-34070.965239,-32340.828459,-20373.592719,-45349.76725,0.0
-8411.386122,-12961.687203,-11365.616186,-36707.018221,-34048.68055,-32324.958721,-20352.962059,-45331.260005,0.0
-8409.687389,-12959.630842,-11362.643404,-36713.164951,-34046.490079,-32328.199724,-20369.792923,-45333.584587,0.0
-8431.99443,-12972.907778,-11375.607416,-36738.869457,-34071.904012,-32341.09668,-20398.514914,-45352.628273,0.0
-8427.859357,-12972.863075,-11367.024346,-36731.940416,-34069.624134,-32333.742956,-20387.719022,-45350.124878,0.0
-8425.132445,-12967.945691,-11356.161398,-36724.631396,-34064.259716,-32323.885837,-20377.370164,-45339.150171,0.0
-8431.279174,-12963.944729,-11356.384916,-36723.670271,-34063.142128,-32322.723546,-20384.500371,-45345.833343,0.0
-8410.872032,-12953.148836,-11348.11477,-36700.46916,-34045.417195,-32314.363994,-20354.906661,-45332.243482,0.0
-8409.486223,-12965.062316,-11359.51416,-36707.420553,-34042.645579,-32324.466982,-20360.382838,-45338.412564,0.0
-8419.812729,-12979.479191,-11374.914512,-36723.938492,-34053.03914,-32344.091814,-20373.592719,-45353.209418,0.0
-8444.153779,-12986.229418,-11384.235189,-36743.540972,-34077.111969,-32353.636009,-20378.577158,-45367.514535,0.0
-8427.211157,-12970.650252,-11370.801791,-36724.631396,-34067.076035,-32336.08989,-20358.661754,-45347.263854,0.0
-8402.311313,-12974.651214,-11375.27214,-36713.455524,-34063.924439,-32334.189991,-20345.764797,-45326.677898,0.0
-8400.657284,-12965.665813,-11363.87275,-36717.054155,-34054.201431,-32319.616654,-20362.349792,-45317.044296,0.0
-8423.165491,-12980.216799,-11372.992262,-36725.614873,-34061.085768,-32328.490296,-20383.002804,-45332.176427,0.0
-8410.98379,-12980.708537,-11373.931035,-36720.093992,-34064.997323,-32333.050052,-20369.390591,-45323.101619,0.0
-8414.560069,-12968.929168,-11360.363526,-36721.4798,-34059.230573,-32322.924712,-20369.971737,-45325.381497,0.0
-8423.612526,-12970.538493,-11362.956329,-36724.676099,-34050.111061,-32332.155983,-20369.88233,-45347.196799,0.0
-8423.232546,-12976.171133,-11365.571483,-36724.899617,-34057.040102,-32341.051977,-20357.186539,-45342.190008,0.0
-8420.371523,-12987.190543,-11377.306149,-36726.978329,-34076.955506,-32338.347416,-20358.10296,-45330.276529,0.0
-8422.0032,-12997.002959,-11390.828954,-36728.408841,-34074.988553,-32349.389177,-20363.825007,-45341.430049,0.0
-8421.757331,-12985.581217,-11377.462611,-36721.85978,-34066.159614,-32345.075291,-20369.412943,-45352.762384,0.0
-8401.618409,-12954.042906,-11340.716343,-36696.468198,-34041.170364,-32310.586549,-20349.743408,-45325.917938,0.0
-8413.554241,-12956.501598,-11333.653192,-36710.527445,-34056.235439,-32298.606014,-20338.74635,-45349.00729,0.0
-8414.135386,-12980.127392,-11361.011727,-36718.14939,-34066.025503,-32332.737128,-20349.944574,-45363.334759,0.0
-8387.760328,-12983.927188,-11381.016538,-36712.606157,-34048.546439,-32359.581573,-20359.645231,-45323.973337,0.0
-8388.43088,-12985.916494,-11383.452878,-36708.53814,-34037.437622,-32342.683654,-20356.158359,-45313.602127,0.0
-8394.465851,-12983.770726,-11374.221608,-36701.139712,-34042.243247,-32321.985939,-20344.781321,-45330.500046,0.0
-8394.510555,-12977.176962,-11364.498599,-36698.92689,-34050.625151,-32340.001445,-20352.805597,-45336.512665,0.0
-8396.589267,-12968.70565,-11352.562768,-36713.567282,-34054.402596,-32336.179297,-20381.974623,-45312.283374,0.0
-8402.40072,-12971.343156,-11358.195407,-36721.256282,-34051.072186,-32333.117108,-20400.303054,-45330.410639,0.0
-8385.189877,-12970.829066,-11354.440314,-36704.604233,-34048.613494,-32305.065668,-20370.977565,-45337.406735,0.0
-8389.414357,-12996.846497,-11380.5248,-36704.134846,-34041.080957,-32317.314424,-20360.718114,-45327.527264,0.0
-8414.358904,-13019.44411,-11400.216687,-36717.344727,-34049.261695,-32359.827442,-20349.944574,-45348.001462,0.0
-8400.880802,-12999.461651,-11374.914512,-36705.766524,-34058.202393,-32343.890648,-20307.543314,-45361.613674,0.0
-8381.25597,-12991.817354,-11369.013651,-36703.888977,-34043.874925,-32333.631198,-20359.578175,-45349.722546,0.0
-8396.008121,-12989.112793,-11372.366413,-36710.549797,-34074.586222,-32338.503878,-20367.334231,-45342.055898,0.0
-8408.748616,-12989.492773,-11376.970873,-36717.076506,-34087.12555,-32345.70114,-20356.717152,-45345.743936,0.0
-8383.066461,-13012.202145,-11390.873658,-36713.187303,-34067.232498,-32344.024759,-20369.12237,-45349.923712,0.0
-8378.931389,-12976.394651,-11353.322727,-36691.372,-34045.171326,-32322.209456,-20360.360487,-45325.537959,0.0
-8386.419223,-12981.13322,-11351.333422,-36677.53627,-34033.369605,-32323.528209,-20332.465509,-45324.621537,0.0
-8405.507613,-13023.981514,-11392.035948,-36705.475951,-34047.630018,-32342.013102,-20346.345943,-45342.949968,0.0
-8372.985825,-13000.7357,-11372.366413,-36697.451675,-34037.437622,-32338.749747,-20354.951364,-45332.645814,0.0
-8378.931389,-12995.572447,-11364.789172,-36705.922986,-34057.39773,-32344.80707,-20374.509141,-45325.895587,0.0
-8391.157793,-12996.555924,-11365.616186,-36718.104687,-34071.412274,-32356.318218,-20365.233167,-45302.940345,0.0
-8379.378424,-12997.40529,-11363.492771,-36695.618832,-34034.062509,-32334.972302,-20340.959172,-45326.499084,0.0
-8393.594133,-13012.068035,-11378.915474,-36696.781122,-34051.742739,-32344.963532,-20358.259423,-45378.533945,0.0
-8408.681561,-12984.97772,-11348.025363,-36714.170779,-34082.990477,-32342.303674,-20368.228301,-45374.845907,0.0
-8387.603866,-13013.342084,-11362.375183,-36703.598404,-34072.798082,-32331.060747,-20344.110768,-45336.602072,0.0
-8403.451252,-13055.586881,-11409.269143,-36715.623643,-34072.596916,-32360.609753,-20346.703571,-45335.573892,0.0
-8388.699101,-13059.207864,-11420.780292,-36706.012393,-34060.079939,-32373.774931,-20345.250707,-45325.739125,0.0
-8368.336662,-13035.626773,-11400.998998,-36701.653803,-34050.245172,-32364.700122,-20342.188518,-45304.527319,0.0
-8381.010101,-13025.300267,-11390.225457,-36695.060038,-34056.481309,-32365.080102,-20347.32942,-45306.293107,0.0
-8394.376444,-13027.624849,-11379.071936,-36698.613965,-34066.673704,-32351.154965,-20344.13312,-45345.252197,0.0
-8378.417299,-13027.848366,-11374.623939,-36708.247567,-34066.897221,-32340.135555,-20329.313914,-45344.246369,0.0
-8382.932351,-13038.5325,-11385.531591,-36703.598404,-34070.182928,-32363.917811,-20364.584966,-45353.902323,0.0
-8378.864333,-12982.273159,-11334.368448,-36692.981326,-34063.767977,-32347.981018,-20353.967888,-45325.895587,0.0
-8373.164639,-12986.184715,-11334.547262,-36683.54889,-34058.001227,-32347.936314,-20350.726885,-45309.422351,0.0
-8385.882781,-13045.975631,-11387.744413,-36685.515843,-34052.189774,-32352.63018,-20349.38578,-45368.810936,0.0
-8367.755516,-13060.325451,-11406.810451,-36694.255375,-34060.884602,-32365.124806,-20325.067082,-45334.970395,0.0
-8366.950854,-13044.634526,-11391.253637,-36708.940471,-34073.80391,-32372.925564,-20312.572457,-45309.288241,0.0
-8377.634988,-13039.471273,-11377.596721,-36699.128055,-34063.477405,-32354.865355,-20326.96698,-45344.447535,0.0
-8383.401738,-13035.559718,-11371.718213,-36698.636317,-34059.744663,-32354.574782,-20354.929013,-45356.875105,0.0
-8361.027641,-13021.88045,-11353.903872,-36677.558622,-34039.941018,-32336.939256,-20348.379952,-45351.667148,0.0
-8376.5174,-13032.609288,-11365.526779,-36682.163081,-34048.389977,-32350.05973,-20345.585983,-45347.286206,0.0
-8371.018871,-13038.554852,-11381.307111,-36694.389486,-34062.851556,-32360.654457,-20335.594754,-45324.442723,0.0
-8362.949891,-13033.324544,-11373.484,-36696.758771,-34073.870966,-32364.901288,-20347.262364,-45352.181238,0.0
-8371.13063,-13032.519881,-11367.829009,-36683.280669,-34068.707713,-32359.112186,-20349.564594,-45367.045148,0.0
-8352.690441,-13036.587898,-11376.188561,-36673.17768,-34060.951657,-32360.028608,-20330.364445,-45336.579721,0.0
-8354.076249,-13027.401331,-11372.344061,-36700.379753,-34078.631887,-32363.917811,-20339.238088,-45321.268776,0.0
-8371.108278,-13035.604422,-11378.289625,-36704.045439,-34082.007001,-32369.036361,-20361.031039,-45333.048145,0.0
-8369.118973,-13052.815265,-11395.925152,-36695.060038,-34075.59205,-32381.888614,-20370.418772,-45338.569026,0.0
-8352.55633,-13064.616986,-11408.062149,-36681.581936,-34064.840861,-32393.802094,-20359.958155,-45327.460209,0.0
-8361.921711,-13060.370154,-11404.329408,-36668.68498,-34051.452166,-32392.975079,-20353.990239,-45324.219206,0.0
-8380.496011,-13038.823073,-11375.875637,-36698.904538,-34070.294687,-32369.729265,-20340.400379,-45343.151133,0.0
-8388.766156,-13033.503358,-11371.137067,-36713.455524,-34081.828187,-32362.867279,-20337.047617,-45379.092739,0.0
-8358.077211,-13024.607363,-11366.845532,-36701.564396,-34081.247041,-32365.482433,-20343.909603,-45370.062634,0.0
-8340.687554,-12999.081671,-11335.106055,-36674.228212,-34063.790329,-32347.645741,-20354.370219,-45356.964512,0.0
-8360.580607,-13028.92125,-11368.47721,-36685.895823,-34070.138224,-32364.141329,-20342.166167,-45349.431974,0.0
-8360.62531,-13057.732649,-11407.346893,-36688.019238,-34076.039085,-32390.672849,-20334.857146,-45337.384383,0.0
-8371.421203,-13064.169951,-11419.416835,-36704.425419,-34100.111914,-32404.933262,-20364.942594,-45339.530151,0.0
-8348.890644,-13026.954296,-11383.497582,-36685.024105,-34074.809739,-32385.286079,-20335.527698,-45303.208566,0.0
-8332.015077,-13016.35957,-11362.822218,-36651.027101,-34036.789422,-32379.005239,-20330.386797,-45287.092958,0.0
-8342.81097,-13027.758959,-11364.029212,-36659.118433,-34049.060529,-32379.765198,-20308.705605,-45321.335831,0.0
-8358.032508,-13037.973706,-11370.15359,-36679.771445,-34067.344256,-32361.392064,-20319.099166,-45372.856602,0.0
-8352.735144,-13056.324489,-11394.807565,-36685.784064,-34068.886527,-32363.426073,-20331.817309,-45378.377483,0.0
-8351.684612,-13044.746285,-11385.39748,-36688.80155,-34066.763111,-32367.047056,-20316.349902,-45349.879009,0.0
-8357.719583,-13043.494587,-11387.431489,-36690.187358,-34070.808777,-32366.130634,-20320.239105,-45345.743936,0.0
-8360.871179,-13051.943547,-11396.953332,-36689.96384,-34073.938021,-32378.938184,-20337.204079,-45352.71768,0.0
-8353.942138,-13039.80655,-11386.470364,-36675.815186,-34058.247096,-32381.016896,-20347.396475,-45353.812916,0.0
-8374.349281,-13045.215672,-11393.019425,-36672.216555,-34057.733006,-32393.064486,-20366.261347,-45372.878954,0.0
-8342.028659,-13014.414968,-11364.006861,-36664.393445,-34042.109137,-32361.570878,-20321.893134,-45337.362032,0.0
-8326.896528,-12983.010767,-11326.165357,-36664.929886,-34049.887544,-32347.198707,-20316.573419,-45337.920825,0.0
-8345.403772,-12984.597741,-11325.159529,-36670.696637,-34062.315114,-32356.921715,-20328.151623,-45341.273587,0.0
-8351.170522,-13037.101988,-11381.083593,-36685.60525,-34068.171271,-32374.646649,-20312.013663,-45330.81297,0.0
-8362.391098,-13054.625756,-11400.77548,-36692.26607,-34070.920535,-32377.306506,-20313.175954,-45326.230863,0.0
-8370.661243,-13050.043648,-11394.449937,-36696.24468,-34074.452111,-32389.935242,-20324.217716,-45336.557369,0.0
-8356.803162,-13031.983439,-11377.395556,-36689.516805,-34063.03037,-32379.698143,-20324.754158,-45330.187122,0.0
-8351.796371,-13032.564584,-11379.11664,-36684.979401,-34062.873907,-32374.847814,-20327.637533,-45357.009215,0.0
-8359.552426,-13009.654046,-11353.099209,-36684.174738,-34064.684399,-32370.198652,-20335.997085,-45372.878954,0.0
-8371.689424,-13028.92125,-11379.138992,-36675.703427,-34057.867117,-32379.944012,-20363.646193,-45356.361014,0.0
-8365.810915,-13040.544157,-11393.175887,-36675.524613,-34068.148919,-32386.58248,-20343.708437,-45360.831363,0.0
-8365.855618,-13041.929965,-11384.168134,-36699.597442,-34072.239288,-32381.352172,-20304.145849,-45360.049052,0.0
-8358.56895,-13040.991192,-11384.905742,-36694.680058,-34063.298591,-32380.882785,-20314.204134,-45347.420317,0.0
-8351.863426,-13047.24968,-11396.148669,-36681.313715,-34059.007056,-32388.974117,-20313.935913,-45340.334814,0.0
-8357.071383,-13034.688,-11385.017501,-36687.035762,-34068.126567,-32383.676753,-20329.157451,-45332.399944,0.0
-8349.695307,-13031.290535,-11382.424698,-36667.768558,-34044.366663,-32378.669963,-20311.946608,-45328.711907,0.0
-8347.616595,-13021.478119,-11372.634634,-36663.544078,-34040.343349,-32376.658306,-20310.18082,-45334.568064,0.0
-8362.256987,-13021.433416,-11369.103058,-36673.267087,-34043.584352,-32378.669963,-20334.208946,-45351.17541,0.0
-8373.678729,-13020.315828,-11363.35866,-36684.331201,-34059.275277,-32376.546547,-20327.391663,-45359.311445,0.0
-8355.37265,-13005.049587,-11346.617204,-36690.522634,-34070.808777,-32363.180204,-20305.196381,-45346.347433,0.0
-8346.074324,-13037.258451,-11384.302245,-36675.457558,-34052.078015,-32376.300678,-20310.493745,-45340.267758,0.0
-8355.037374,-13047.204977,-11393.175887,-36682.766579,-34058.694131,-32382.201538,-20316.685178,-45337.809067,0.0
-8354.836208,-13032.095198,-11377.820239,-36685.560547,-34053.55323,-32369.058713,-20310.516096,-45334.38925,0.0
-8351.863426,-13027.311924,-11378.289625,-36678.787968,-34050.08871,-32373.193785,-20315.098204,-45335.79741,0.0
-8360.781772,-13038.063113,-11387.073861,-36677.804491,-34057.285971,-32387.767123,-20328.151623,-45354.50582,0.0
-8360.580607,-13035.917346,-11385.799812,-36683.280669,-34064.594992,-32388.147102,-20326.922277,-45353.947026,0.0
-8366.90615,-13019.175889,-11366.622015,-36689.494454,-34063.365646,-32376.412437,-20327.749291,-45348.940235,0.0
-8361.586435,-13008.022369,-11346.483093,-36683.057151,-34052.480346,-32363.560183,-20311.946608,-45342.614692,0.0
-8366.01208,-13024.786177,-11363.492771,-36672.66359,-34034.017805,-32366.689428,-20328.173975,-45348.426145,0.0
-8366.123839,-13038.957183,-11382.379995,-36682.096026,-34051.63098,-32375.339553,-20332.644323,-45344.291072,0.0
-8357.876045,-13031.782273,-11370.086535,-36696.356439,-34067.00898,-32369.997486,-20301.933027,-45334.970395,0.0
-8356.154961,-13014.973761,-11356.854303,-36685.828768,-34051.072186,-32357.100529,-20306.537486,-45329.918901,0.0
-8348.018926,-12975.120601,-11316.129424,-36667.209764,-34029.346291,-32329.317311,-20308.370329,-45317.066648,0.0
-8336.440723,-12979.479191,-11321.739712,-36660.303075,-34026.239398,-32333.966474,-20301.84362,-45313.691534,0.0
-8352.93631,-13037.303154,-11386.582123,-36665.935715,-34045.573657,-32376.859471,-20323.658922,-45324.733296,0.0
-8363.128705,-13032.274012,-11372.053489,-36669.914325,-34040.74568,-32358.240468,-20313.108899,-45324.755648,0.0
-8360.848827,-12999.036968,-11330.345134,-36682.27484,-34050.178117,-32335.262875,-20306.33632,-45321.268776,0.0
-8360.312386,-13051.876492,-11399.344969,-36700.804436,-34070.004114,-32383.229719,-20318.406262,-45328.711907,0.0
-8361.273511,-13069.422611,-11414.253582,-36686.745189,-34049.664026,-32384.816692,-20320.104995,-45330.209473,0.0
-8375.019833,-13059.811361,-11397.802698,-36689.472102,-34056.034274,-32379.206405,-20332.845489,-45343.687575,0.0
-8383.5582,-13047.093218,-11378.557846,-36694.456541,-34048.457032,-32364.677771,-20329.112748,-45334.456305,0.0
-8389.548467,-13048.00964,-11381.262407,-36702.592576,-34054.179079,-32362.643762,-20334.186594,-45340.938311,0.0
-8366.347357,-13023.892107,-11360.117657,-36685.717009,-34037.035291,-32341.722529,-20316.953399,-45327.527264,0.0
-8365.073307,-13016.337218,-11349.187654,-36679.32441,-34030.463878,-32334.569971,-20315.522887,-45324.442723,0.0
-8379.601941,-13023.936811,-11350.126427,-36688.332163,-34034.755413,-32337.274532,-20328.822175,-45335.171561,0.0
-8362.256987,-13023.176852,-11352.696878,-36683.057151,-34032.184962,-32335.173468,-20322.898963,-45320.777037,0.0
-8357.339604,-13022.193375,-11353.568596,-36686.029933,-34031.804983,-32330.725471,-20320.373216,-45304.28145,0.0
-8345.336717,-13011.173965,-11345.343154,-36674.384674,-34024.406555,-32321.985939,-20300.413108,-45302.806235,0.0
-8366.660281,-13001.361549,-11331.105093,-36682.431302,-34035.582427,-32321.427145,-20314.137079,-45328.689555,0.0
-8413.509537,-13000.869811,-11313.469567,-36699.128055,-34028.988663,-32310.653604,-20331.817309,-45342.145305,0.0
-8394.041168,-13035.425608,-11355.244977,-36690.142654,-34022.03727,-32322.321215,-20330.342094,-45317.848959,0.0
-8377.433822,-13040.812378,-11372.254654,-36693.540119,-34030.687395,-32331.48543,-20338.589887,-45319.257119,0.0
-8395.851659,-13028.630677,-11356.742544,-36708.426381,-34036.051814,-32317.6497,-20332.465509,-45317.916014,0.0
-8382.261799,-13002.099157,-11323.416093,-36684.510015,-34008.335651,-32291.319345,-20325.491765,-45302.247441,0.0
-8381.501839,-12995.86302,-11310.653247,-36677.826843,-34006.636918,-32285.172616,-20336.712341,-45314.719714,0.0
-8388.609694,-13015.621962,-11331.641535,-36702.659631,-34029.949788,-32291.542863,-20329.023341,-45314.339735,0.0
-8384.07229,-13002.099157,-11314.363636,-36690.947317,-34010.146142,-32278.847072,-20315.992274,-45301.129854,0.0
-8392.78947,-12973.131296,-11281.059537,-36674.049398,-33990.945994,-32267.827662,-20334.790091,-45302.739179,0.0
-8388.855563,-13008.4247,-11330.211023,-36690.254413,-34016.382279,-32293.956851,-20329.626838,-45308.26006,0.0
-8394.465851,-13029.30123,-11354.529721,-36707.50996,-34023.758355,-32296.683764,-20317.042806,-45298.224127,0.0
-8397.706854,-13004.624904,-11325.025418,-36696.62466,-34002.077163,-32274.957868,-20315.746405,-45291.719769,0.0
-8397.460985,-12991.035043,-11307.389892,-36688.488625,-33996.936261,-32265.726598,-20319.322684,-45289.641057,0.0
-8419.365694,-13003.17204,-11315.011837,-36708.269919,-34016.047003,-32274.801406,-20344.066065,-45301.621592,0.0
-8416.258802,-12997.807622,-11308.216907,-36703.978384,-34006.681622,-32261.457415,-20333.158414,-45297.508871,0.0
-8398.757386,-12988.486944,-11301.846659,-36701.050305,-34007.866264,-32268.721732,-20336.488823,-45306.561328,0.0
-8408.368636,-12986.967026,-11303.321875,-36709.901596,-34012.336613,-32270.48752,-20354.169053,-45300.883985,0.0
-8400.098491,-13003.820241,-11322.589078,-36685.739361,-33989.761351,-32272.096845,-20335.885326,-45283.628438,0.0
-8369.118973,-13013.006808,-11332.937936,-36665.511032,-33991.437732,-32281.663392,-20340.065103,-45293.172633,0.0
-8366.39206,-12978.786287,-11297.085738,-36673.647067,-33989.269613,-32247.219354,-20305.598713,-45262.103708,0.0
-8343.816798,-12940.967136,-11262.686403,-36646.91438,-33975.52329,-32228.957978,-20285.079811,-45257.566304,0.0
-8336.753647,-12966.738697,-11287.385081,-36640.141802,-33979.971287,-32251.712054,-20308.325625,-45274.508926,0.0
-8321.532109,-12958.58031,-11278.734956,-36637.81722,-33968.974229,-32234.009473,-20298.200285,-45252.425403,0.0
-8337.133627,-12936.228566,-11260.115953,-36653.105814,-33972.461101,-32226.454583,-20313.578285,-45250.704318,0.0
-8354.165656,-12957.485075,-11290.022587,-36661.353607,-33979.971287,-32240.178554,-20314.360596,-45253.274769,0.0
-8361.742897,-12965.174075,-11295.007026,-36658.850212,-33968.72836,-32235.350577,-20302.581227,-45243.93174,0.0
-8366.727336,-12962.558921,-11291.073119,-36680.821977,-33984.531043,-32241.877287,-20313.533582,-45253.095955,0.0
-8384.96636,-12956.792171,-11280.947778,-36688.42157,-33985.916851,-32239.99974,-20325.983504,-45261.634321,0.0
-8397.237467,-12950.041944,-11273.526999,-36692.534291,-33986.654459,-32237.026958,-20336.935858,-45266.149374,0.0
-8422.0032,-12958.58031,-11282.691214,-36699.888015,-33995.773971,-32246.884077,-20349.944574,-45280.767415,0.0
-8409.329761,-12965.486999,-11288.904999,-36686.678134,-33987.81675,-32248.895734,-20339.483957,-45277.079377,0.0
-8397.975075,-12962.134238,-11285.596941,-36687.728666,-33981.066523,-32246.012359,-20348.916393,-45276.945266,0.0
-8396.87984,-12952.411229,-11281.841848,-36685.202919,-33986.609755,-32243.978351,-20346.05537,-45276.900563,0.0
-8381.010101,-12945.213967,-11273.012909,-36683.839462,-33983.346401,-32234.948246,-20337.561707,-45271.290275,0.0
-8409.508575,-12951.807732,-11271.403583,-36697.943413,-33981.602965,-32235.551743,-20355.733675,-45274.799499,0.0
-8415.767064,-12955.272252,-11280.746613,-36678.743265,-33969.108339,-32245.364159,-20358.34883,-45290.57983,0.0
-8395.046996,-12950.690144,-11280.388985,-36692.757808,-33989.157854,-32251.01915,-20339.841585,-45291.384493,0.0
-8390.554296,-12934.596888,-11262.552293,-36697.339916,-33992.957651,-32235.395281,-20329.716245,-45273.838374,0.0
-8394.57761,-12950.7572,-11286.22279,-36686.611079,-33980.686543,-32238.502173,-20335.41594,-45260.628493,0.0
-8411.967267,-12970.225569,-11306.384064,-36696.222329,-33991.28127,-32253.254325,-20352.872652,-45274.397167,0.0
-8423.478415,-12968.862113,-11298.560953,-36712.092067,-33993.248223,-32253.053159,-20362.863882,-45286.109482,0.0
-8410.313238,-12954.199368,-11281.953607,-36691.997849,-33987.906157,-32245.878249,-20354.213757,-45288.635229,0.0
-8400.277305,-12944.789284,-11268.40845,-36686.678134,-33994.052886,-32241.631417,-20345.54128,-45294.267868,0.0
-8393.795299,-12931.355885,-11262.619348,-36677.357456,-33980.932412,-32227.907446,-20342.523794,-45260.315568,0.0
-8392.65536,-12947.918528,-11286.3569,-36688.55568,-33978.272555,-32243.531316,-20347.061199,-45260.360272,0.0
-8407.809843,-12955.272252,-11294.045901,-36695.73059,-33984.776912,-32254.975409,-20359.287603,-45274.263057,0.0
-8402.601886,-12940.922432,-11276.499781,-36692.26607,-33988.040267,-32241.564362,-20361.790998,-45267.557534,0.0
-8397.483337,-12932.294659,-11267.782601,-36702.39141,-33984.732209,-32232.869534,-20342.367332,-45271.692606,0.0
-8402.557183,-12936.496787,-11270.420107,-36702.324355,-33982.295869,-32239.10567,-20351.553899,-45284.16488,0.0
-8407.027532,-12920.291772,-11249.521226,-36678.899727,-33967.878993,-32227.505115,-20358.818216,-45280.521545,0.0
-8402.065444,-12930.662981,-11266.508551,-36685.493491,-33983.167587,-32234.925894,-20343.529623,-45276.274714,0.0
-8396.857488,-12934.99922,-11281.908903,-36685.180567,-33978.71959,-32236.825792,-20327.838698,-45263.713034,0.0
-8397.460985,-12934.753351,-11290.626084,-36685.851119,-33984.128712,-32243.978351,-20339.595716,-45268.965694,0.0
-8397.237467,-12930.39476,-11275.248084,-36691.260241,-33988.755523,-32238.815098,-20348.335248,-45268.4069,0.0
-8390.040206,-12929.388932,-11271.291825,-36702.011431,-33985.246299,-32235.551743,-20353.654963,-45260.002644,0.0
-8412.280191,-12958.06622,-11295.69993,-36712.337936,-33993.091761,-32252.740234,-20371.558711,-45288.076435,0.0
-8416.61643,-12966.045793,-11304.238296,-36703.821922,-34002.591253,-32262.41854,-20383.606301,-45300.347543,0.0
-8428.14993,-12962.80479,-11302.919543,-36710.505093,-34003.574729,-32265.927764,-20388.389574,-45300.079322,0.0
-8403.786529,-12944.766932,-11290.223752,-36706.99587,-33995.595157,-32255.400092,-20366.797789,-45280.432138,0.0
-8379.780755,-12918.525984,-11263.848694,-36679.860852,-33978.004334,-32229.829696,-20335.03596,-45254.884095,0.0
-8382.239447,-12936.317973,-11280.657206,-36682.699523,-33987.43677,-32243.598371,-20342.970829,-45265.657635,0.0
-8398.42211,-12944.185787,-11287.005101,-36690.097951,-33991.79536,-32252.539069,-20362.19333,-45280.186269,0.0
-8410.872032,-12937.256746,-11281.327758,-36691.260241,-33997.226834,-32249.588638,-20367.624803,-45277.12408,0.0
-8399.96438,-12940.050714,-11286.647473,-36680.285535,-34002.233625,-32257.121176,-20361.120446,-45278.241668,0.0
-8404.166508,-12951.248938,-11292.749499,-36706.392372,-34007.642747,-32264.005514,-20379.203007,-45287.942325,1.0
-8404.948819,-12931.780569,-11274.801049,-36696.423494,-33996.824503,-32245.565324,-20369.234129,-45275.827679,0.0
-8395.181107,-12940.855377,-11298.180973,-36693.584823,-33996.064543,-32259.46811,-20369.658812,-45290.490423,0.0
-8397.192764,-12954.534644,-11291.810726,-36689.06977,-33991.348325,-32254.796595,-20364.137931,-45286.332999,0.0
-8376.785621,-12932.764045,-11274.30931,-36665.175756,-33983.033476,-32237.965731,-20340.109806,-45256.806345,0.0
-8386.151002,-12939.402513,-11285.418127,-36691.617869,-33998.255014,-32248.672217,-20358.281774,-45275.335941,0.0
-8410.4697,-12959.899063,-11288.904999,-36717.6353,-34012.537779,-32261.770339,-20386.176751,-45303.812063,0.0
-8393.392967,-12928.114882,-11267.313214,-36697.116398,-33997.94209,-32242.704301,-20366.663678,-45276.185307,0.0
-8386.50863,-12939.916604,-11286.468659,-36689.248584,-34003.552378,-32258.015246,-20367.96008,-45284.321342,0.0
-8386.396871,-12941.66004,-11291.587209,-36678.631506,-34010.324956,-32262.731464,-20362.640364,-45283.740197,0.0
-8376.964435,-12924.359789,-11277.863238,-36687.639259,-34000.557244,-32247.956961,-20350.950402,-45270.016226,0.0
-8390.621351,-12927.31022,-11270.062479,-36686.968706,-33987.459122,-32242.704301,-20357.164187,-45278.643999,0.0
-8391.202496,-12930.238298,-11274.68929,-36682.364247,-33991.571843,-32248.940438,-20372.363373,-45291.272735,0.0
-8374.46104,-12920.805862,-11267.603787,-36679.816148,-33996.265709,-32243.978351,-20351.956231,-45286.288296,0.0
-8390.375482,-12947.337383,-11291.47545,-36699.373925,-34015.24234,-32265.145453,-20365.546091,-45287.49529,0.0
-8405.708779,-12955.339307,-11300.19263,-36704.626585,-34017.097535,-32271.761569,-20379.515932,-45292.099749,0.0
-8393.16945,-12936.586194,-11292.570685,-36693.316602,-34010.190846,-32264.094921,-20368.563577,-45278.39813,0.0
-8370.080098,-12924.695066,-11281.953607,-36683.817111,-34000.713706,-32255.042464,-20349.586946,-45276.431176,0.0
-8371.376499,-12918.950667,-11272.632929,-36681.425474,-34005.519331,-32253.567249,-20356.42658,-45286.288296,0.0
-8358.524246,-12891.502725,-11245.676726,-36659.029026,-34001.2725,-32231.886057,-20340.914469,-45266.574057,0.0
-8358.32308,-12890.519248,-11246.995479,-36669.646105,-33993.918776,-32224.331167,-20331.236164,-45250.07847,0.0
-8367.509647,-12920.627048,-11281.439517,-36684.778236,-33992.734133,-32240.603237,-20335.751216,-45254.325301,0.0
-8380.384252,-12928.092531,-11283.205305,-36696.289384,-33995.192825,-32243.665426,-20343.99901,-45259.510906,0.0
-8386.195706,-12930.528871,-11284.412299,-36691.88609,-34001.741886,-32249.745101,-20353.364391,-45273.79367,0.0
-8373.745784,-12915.307333,-11280.165467,-36680.397294,-34003.306508,-32247.152298,-20345.876556,-45263.690682,0.0
-8374.393985,-12906.791318,-11273.616406,-36692.668401,-34003.485322,-32244.112461,-20352.269155,-45263.15424,0.0
-8383.334682,-12903.036225,-11257.277281,-36694.009506,-33997.428,-32235.104708,-20363.646193,-45274.754795,0.0
-8399.271476,-12922.370484,-11273.66111,-36695.060038,-34001.607776,-32249.298066,-20369.189426,-45292.010342,0.0
-8401.171374,-12932.585231,-11284.859334,-36697.026991,-34003.820599,-32259.535165,-20364.182635,-45296.659505,0.0
-8396.812784,-12916.111996,-11269.011947,-36691.528462,-33996.288061,-32245.006531,-20347.888213,-45279.538069,0.0
-8390.151964,-12912.915696,-11270.017775,-36698.301041,-34006.771029,-32242.011397,-20353.878481,-45272.698435,0.0
-8387.872087,-12910.501708,-11266.665014,-36697.630489,-34008.290947,-32237.652807,-20356.583042,-45273.324284,0.0
-8377.143249,-12897.045958,-11255.019755,-36689.628564,-33992.264747,-32231.148449,-20349.363428,-45265.881153,0.0
-8397.550392,-12907.908905,-11264.206322,-36703.643108,-33992.734133,-32243.978351,-20375.090286,-45281.907354,0.0
-8400.210249,-12928.494862,-11282.713566,-36700.402105,-34002.993584,-32254.595429,-20367.624803,-45287.361179,0.0
-8399.249124,-12930.081836,-11282.601807,-36706.705297,-34011.353136,-32253.723711,-20357.611222,-45282.332037,0.0
-8404.591191,-12922.482243,-11274.354014,-36704.850102,-34004.178226,-32247.711092,-20361.81335,-45280.96858,0.0
-8380.473659,-12907.663036,-11261.457057,-36680.86668,-33993.896424,-32237.518696,-20347.441178,-45271.580848,0.0
-8385.413395,-12902.142155,-11257.769019,-36690.455579,-33986.721514,-32230.567304,-20348.156434,-45272.854897,0.0
-8405.820537,-12923.532775,-11276.61154,-36707.688774,-34012.671889,-32248.426348,-20369.904681,-45295.340752,0.0
-8429.647497,-12927.377275,-11281.417165,-36729.884056,-34027.893427,-32258.015246,-20388.568388,-45301.442778,0.0
-8395.829308,-12901.516307,-11253.902168,-36697.094047,-33999.663174,-32236.714034,-20357.566518,-45282.332037,0.0
-8387.492107,-12890.966283,-11248.336583,-36695.104741,-33997.04802,-32233.830659,-20350.41396,-45267.848106,0.0
-8380.60777,-12888.351129,-11247.263699,-36689.986192,-33990.230738,-32228.198019,-20348.245841,-45265.568228,0.0
-8390.040206,-12909.25001,-11265.927406,-36691.416704,-33999.551415,-32242.771356,-20353.766722,-45276.028845,0.0
-8393.482374,-12916.491975,-11268.050822,-36691.260241,-34002.568901,-32244.648903,-20352.626783,-45274.620685,0.0
-8415.029456,-12943.694048,-11292.816555,-36725.056079,-34016.941073,-32261.457415,-20373.771533,-45291.160976,0.0
-8416.281154,-12937.726133,-11298.024511,-36725.19019,-34014.080049,-32261.14449,-20375.224397,-45287.942325,0.0
-8396.812784,-12918.771853,-11282.110069,-36702.033782,-33995.706915,-32246.302932,-20358.438237,-45272.273752,0.0
-8403.026569,-12916.42492,-11282.467697,-36709.275747,-34008.983852,-32251.041502,-20359.287603,-45276.274714,0.0
-8400.880802,-12918.525984,-11275.605711,-36705.744172,-34018.103363,-32249.119252,-20355.979545,-45286.556516,0.0
-8397.617447,-12893.603789,-11253.656298,-36703.956032,-34004.401744,-32235.819964,-20355.286641,-45277.660522,0.0
-8404.837061,-12901.851583,-11263.759287,-36694.009506,-33995.014011,-32245.542973,-20361.634536,-45278.062854,0.0
-8399.494994,-12913.318028,-11268.721374,-36695.238852,-33997.830331,-32247.219354,-20365.590795,-45280.119214,0.0
-8396.455156,-12912.289847,-11265.145095,-36712.181474,-34006.65927,-32239.575057,-20359.131141,-45277.951095,0.0
-8411.006142,-12921.67758,-11279.807839,-36721.837428,-34007.419229,-32249.789804,-20367.982431,-45277.437005,0.0
-8428.976945,-12941.235356,-11297.376311,-36733.639149,-34026.239398,-32270.599278,-20382.533417,-45301.934517,0.0
-8403.183031,-12916.559031,-11273.303482,-36707.219387,-34013.677718,-32248.091072,-20359.153492,-45287.227069,0.0
-8401.260781,-12903.751481,-11261.635871,-36696.311736,-34001.294851,-32237.764566,-20355.53251,-45286.355351,0.0
-8392.856526,-12897.247123,-11256.87495,-36698.569262,-33997.18213,-32231.684891,-20351.509196,-45272.452566,0.0
-8388.542639,-12894.877838,-11255.064458,-36696.535253,-33994.924604,-32228.734461,-20343.864899,-45254.101784,0.0
-8387.872087,-12898.297655,-11260.942967,-36691.550814,-33993.628203,-32234.545914,-20340.221565,-45259.667368,0.0
-8411.184956,-12909.674693,-11269.57074,-36712.673213,-34003.954709,-32245.565324,-20360.606356,-45285.304819,0.0
-8424.126616,-12915.866127,-11268.363746,-36717.344727,-34015.152933,-32252.986104,-20374.486789,-45302.560366,0.0
-8400.72434,-12904.399682,-11254.595072,-36707.375849,-34007.307471,-32241.139679,-20359.958155,-45285.103653,0.0
-8390.151964,-12888.172315,-11242.52513,-36700.245643,-33990.878939,-32223.705318,-20359.622879,-45267.781051,0.0
-8385.189877,-12895.973074,-11251.465827,-36682.543061,-33981.80413,-32229.740289,-20350.056332,-45267.848106,0.0
-8412.168433,-12918.615391,-11276.61154,-36704.805399,-34004.021764,-32255.288333,-20357.432408,-45284.611915,0.0
-8415.252973,-12918.637743,-11276.678595,-36716.025974,-34013.565959,-32255.109519,-20362.886234,-45285.505984,0.0
-8392.901229,-12903.818536,-11264.429839,-36702.279651,-34000.959575,-32239.686816,-20345.1613,-45266.037615,0.0
-8383.222924,-12898.565876,-11255.6009,-36696.579957,-33995.50575,-32231.014339,-20340.109806,-45257.566304,0.0
-8401.171374,-12910.300542,-11265.525075,-36707.621718,-34011.241378,-32244.961827,-20354.459626,-45278.733406,0.0
-8405.775834,-12916.089644,-11275.136325,-36707.845236,-34013.342442,-32253.589601,-20354.951364,-45282.421444,0.0
-8398.578572,-12915.195574,-11277.192685,-36710.97448,-34012.336613,-32254.260153,-20355.219585,-45273.547801,0.0
-8395.47168,-12904.779661,-11263.848694,-36711.555625,-34008.313299,-32244.984179,-20357.164187,-45265.165897,0.0
-8389.101432,-12913.630952,-11270.755383,-36698.502207,-33999.953747,-32242.95017,-20348.223489,-45266.127022,0.0
-8383.602903,-12909.495879,-11266.553255,-36693.182491,-33998.702049,-32237.228124,-20342.635553,-45263.087185,0.0
-8377.076194,-12901.583362,-11262.26172,-36694.478893,-34001.361907,-32232.82483,-20333.806614,-45256.113441,0.0
-8377.634988,-12902.477432,-11269.324871,-36693.093084,-34000.490189,-32237.161069,-20329.448024,-45248.223275,0.0
-8383.804069,-12916.894307,-11283.853505,-36698.569262,-34006.569863,-32252.181441,-20342.546146,-45258.169801,0.0
-8374.103412,-12905.494917,-11270.3307,-36686.63343,-33995.975136,-32241.54201,-20333.091358,-45252.157182,0.0
-8381.814764,-12902.030397,-11265.994461,-36692.578994,-34003.485322,-32239.910333,-20331.258515,-45256.314606,0.0
-8384.385214,-12897.537696,-11257.701964,-36690.075599,-33995.148122,-32234.054176,-20333.069007,-45257.298083,0.0
-8391.314255,-12902.142155,-11260.562987,-36690.030895,-33998.612642,-32238.144545,-20339.26044,-45265.165897,0.0
-8383.513496,-12899.884629,-11261.591168,-36698.457503,-33997.092723,-32234.881191,-20330.67737,-45252.984196,0.0
-8371.220037,-12903.684426,-11270.554217,-36693.495416,-33995.684564,-32239.418595,-20323.345998,-45241.942435,0.0
-8366.414412,-12902.790356,-11268.229636,-36684.375904,-33995.304584,-32240.312665,-20325.178841,-45246.077507,0.0
-8363.687499,-12893.134402,-11258.148999,-36679.436169,-33989.940165,-32233.473031,-20323.524812,-45243.663519,0.0
-8372.15881,-12894.184934,-11259.288938,-36681.514881,-33987.168549,-32234.61297,-20325.55882,-45242.724746,0.0
-8385.391043,-12899.035263,-11264.720412,-36695.887053,-34002.68066,-32240.871458,-20341.517966,-45246.233969,0.0
-8378.640816,-12894.833135,-11259.400697,-36689.136826,-33998.59029,-32237.18342,-20326.184669,-45251.978368,0.0
-8369.118973,-12892.530905,-11259.020717,-36685.784064,-33998.277366,-32237.853973,-20312.86303,-45258.840353,0.0
-8363.866313,-12887.814687,-11254.528016,-36675.658724,-33983.234642,-32229.673234,-20313.310064,-45246.435135,0.0
-8363.598092,-12884.26076,-11250.705868,-36670.696637,-33984.508691,-32220.866647,-20316.863992,-45230.766562,0.0
-8359.664185,-12884.126649,-11253.902168,-36677.580974,-33991.79536,-32222.028938,-20312.415995,-45222.429362,0.0
-8365.475639,-12888.932274,-11262.060554,-36683.772407,-33998.299718,-32233.025996,-20315.634646,-45227.771429,0.0
-8373.56697,-12889.178144,-11258.752496,-36691.528462,-33992.398857,-32229.650882,-20314.628817,-45228.039649,0.0
-8373.075232,-12894.989597,-11259.4454,-36691.416704,-33993.114113,-32228.801516,-20311.499573,-45238.612025,0.0
-8349.98588,-12874.515399,-11240.155845,-36666.159232,-33977.177319,-32211.702432,-20295.629835,-45221.021202,0.0
-8352.712792,-12875.655338,-11239.775865,-36667.612096,-33976.730284,-32211.993004,-20301.821268,-45222.362306,0.0
-8366.526171,-12886.920617,-11252.78458,-36678.564451,-33985.536872,-32225.046423,-20311.45487,-45237.494437,0.0
-8369.85658,-12888.954626,-11255.936176,-36678.989134,-33976.842043,-32226.633397,-20312.684216,-45240.578978,0.0
-8376.070365,-12886.026548,-11253.455133,-36681.537233,-33985.291002,-32228.577999,-20324.754158,-45242.881208,0.0
-8385.212229,-12897.20242,-11267.827304,-36696.088218,-34012.202503,-32243.888944,-20331.19146,-45252.26894,0.0
-8385.368691,-12902.857411,-11271.247121,-36700.603271,-34014.86236,-32245.230048,-20329.224507,-45250.234932,0.0
-8373.835191,-12885.870085,-11247.934252,-36685.024105,-33989.87311,-32220.576074,-20315.254666,-45232.01826,0.0
-8382.105336,-12890.854524,-11255.176217,-36690.589689,-33988.375543,-32224.085298,-20317.713358,-45237.226216,0.0
-8388.587342,-12892.419147,-11265.368612,-36697.585785,-33999.909043,-32238.97156,-20327.123443,-45247.887999,0.0
-8369.074269,-12887.032376,-11254.70683,-36680.911384,-33989.001392,-32230.589656,-20308.683253,-45238.634376,0.0
-8361.094697,-12878.024623,-11243.620365,-36675.569317,-33980.843005,-32218.296196,-20306.045748,-45234.83458,0.0
-8392.968284,-12893.849658,-11257.634909,-36694.411837,-33996.936261,-32231.662539,-20331.414977,-45253.341824,0.0
-8395.114052,-12892.597961,-11264.251025,-36701.631451,-33993.918776,-32237.272827,-20331.034998,-45259.466202,0.0
-8403.786529,-12905.830193,-11279.494915,-36711.086239,-34014.191808,-32256.942362,-20344.5131,-45278.956923,0.0
-8393.191802,-12897.515344,-11267.492028,-36702.592576,-34014.21416,-32243.151336,-20332.800786,-45262.438984,0.0
-8385.838078,-12895.436632,-11260.115953,-36692.981326,-34002.948881,-32234.791784,-20322.764852,-45253.967673,0.0
-8398.444462,-12900.622237,-11260.317118,-36693.227195,-33996.802151,-32234.367101,-20328.37514,-45262.237819,0.0
-8410.357941,-12906.903077,-11269.05665,-36710.303928,-34008.425058,-32244.805365,-20341.719132,-45272.273752,0.0
-8405.08293,-12902.365673,-11263.938101,-36704.425419,-34006.614567,-32239.418595,-20336.935858,-45265.054138,0.0
-8397.550392,-12887.993501,-11250.258833,-36694.18832,-33995.63986,-32225.292292,-20328.263382,-45255.889923,0.0
-8376.115069,-12880.483315,-11247.77779,-36684.487663,-33990.454255,-32222.207752,-20320.574381,-45253.878266,0.0
-8402.64659,-12902.052748,-11267.492028,-36703.061962,-34007.754506,-32245.565324,-20341.607373,-45279.739234,0.0
-8422.718456,-12907.685388,-11270.062479,-36717.545893,-34009.743811,-32248.403996,-20345.764797,-45285.997723,0.0
-8417.354037,-12900.577533,-11265.21215,-36709.56632,-34005.854607,-32244.380682,-20341.629725,-45283.606086,0.0
-8394.041168,-12889.558123,-11252.873987,-36688.734494,-33992.644726,-32228.957978,-20320.68614,-45265.054138,0.0
-8366.615578,-12878.091678,-11247.308403,-36682.520709,-33996.265709,-32223.101821,-20309.554971,-45252.201885,0.0
-8391.113089,-12885.959492,-11251.778752,-36697.630489,-34001.2725,-32229.852048,-20320.730844,-45266.283484,0.0
-8389.727281,-12869.486257,-11239.373534,-36691.394352,-33991.013049,-32219.190266,-20310.627855,-45252.090127,0.0
-8373.790488,-12871.564969,-11237.384228,-36675.032875,-33983.502863,-32213.065888,-20294.80282,-45238.857894,0.0
-8381.77006,-12883.210228,-11245.408505,-36682.341895,-33986.095665,-32217.379775,-20289.41605,-45239.953129,0.0
-8390.040206,-12873.531923,-11241.809874,-36688.309811,-33988.755523,-32217.625644,-20274.775657,-45243.752926,0.0
-8373.388156,-12858.466847,-11225.806025,-36678.229174,-33976.216194,-32202.381754,-20275.513265,-45237.986176,0.0
-8368.068441,-12871.788486,-11242.860406,-36683.928869,-33985.358058,-32216.128077,-20305.330492,-45245.831638,0.0
-8380.719528,-12885.914789,-11261.032374,-36687.505148,-34001.071334,-32234.054176,-20305.375195,-45257.722766,0.0
-8398.220944,-12887.792335,-11262.239368,-36697.071695,-34008.469761,-32235.417633,-20286.845599,-45260.628493,0.0
-8383.714662,-12871.162638,-11247.263699,-36688.980363,-33999.707878,-32222.632435,-20297.820306,-45220.931795,0.0
-8378.30554,-12877.175257,-11257.880778,-36686.63343,-34004.401744,-32231.059042,-20279.022488,-45240.22135,0.0
-8371.018871,-12882.405565,-11256.87495,-36679.525576,-33997.539758,-32228.84622,-20282.844637,-45281.750891,0.0
-8354.433877,-12853.817684,-11235.685496,-36660.079558,-33985.626279,-32209.109629,-20281.548236,-45250.72667,0.0
-8337.245385,-12839.780788,-11219.927516,-36658.738453,-33976.707933,-32196.480894,-20275.692079,-45215.276803,0.0
-8343.146246,-12827.867309,-11209.735121,-36674.854061,-33974.897441,-32188.389562,-20277.189645,-45204.302097,0.0
-8351.885778,-12848.922652,-11229.382304,-36674.563488,-33983.480511,-32210.607196,-20282.688175,-45231.548873,0.0
-8352.601034,-12859.807951,-11236.333696,-36667.835613,-33992.130636,-32211.613025,-20304.168201,-45230.006603,0.0
-8366.235598,-12868.726297,-11248.247176,-36677.692733,-33997.204482,-32220.151391,-20299.899018,-45251.710147,0.0
-8379.490182,-12880.125687,-11260.205359,-36695.663535,-34010.794343,-32238.479822,-20312.192477,-45268.205734,0.0
-8360.535903,-12858.198626,-11239.485292,-36686.49932,-34001.428962,-32222.297159,-20291.494762,-45251.598388,0.0
-8357.741935,-12848.162693,-11228.756455,-36672.708294,-33985.447465,-32204.907501,-20228.485194,-45222.429362,0.0
-8367.911979,-12856.07521,-11238.568871,-36675.703427,-33989.023744,-32211.501266,-20234.810738,-45229.894844,0.0
-8336.28426,-12848.140341,-11235.797255,-36656.838555,-33987.794398,-32205.242777,-20280.385945,-45225.603309,0.0
-8340.64285,-12850.576681,-11237.965374,-36663.499375,-33990.051924,-32216.284539,-20275.334451,-45207.386638,0.0
-8355.327947,-12840.205472,-11221.179214,-36672.082445,-33987.079142,-32200.906539,-20246.254831,-45198.624754,0.0
-8340.754609,-12848.363858,-11228.599993,-36661.532421,-33994.030535,-32205.332184,-20270.797047,-45223.636356,0.0
-8334.8761,-12846.195739,-11230.544595,-36659.766633,-33997.964442,-32207.813228,-20284.2975,-45235.147504,0.0
-8327.745894,-12833.924631,-11219.793406,-36675.055227,-33995.326936,-32197.777295,-20292.50059,-45230.6101,0.0
-8332.149188,-12839.378457,-11226.25306,-36670.853099,-33990.007221,-32204.795743,-20281.391773,-45212.080504,0.0
-8339.637022,-12858.757419,-11240.379362,-36667.612096,-34004.401744,-32216.977443,-20277.368459,-45208.973611,0.0
-8345.649641,-12855.494065,-11238.725333,-36670.383712,-34011.174323,-32218.3409,-20265.320869,-45197.663629,0.0
-8358.859522,-12854.711754,-11237.808912,-36678.631506,-34013.968291,-32217.200961,-20261.565776,-45196.166062,0.0
-8356.199665,-12865.932329,-11258.372516,-36677.759788,-34018.438639,-32244.626551,-20258.324773,-45204.659725,0.0
-8330.830435,-12866.535827,-11254.885644,-36667.053302,-34015.041174,-32238.233952,-20246.701866,-45198.96003,0.0
-8341.9169,-12867.4746,-11252.337545,-36671.76952,-34026.105288,-32233.540086,-20261.588128,-45209.442998,0.0
-8332.037429,-12854.085905,-11239.507644,-36662.605305,-34008.58152,-32223.392394,-20250.814587,-45192.142748,0.0
-8323.655525,-12848.207396,-11236.154882,-36650.065976,-33991.258918,-32212.976481,-20224.819508,-45170.12628,0.0
-8324.840167,-12856.5893,-11244.0674,-36649.797755,-33995.25988,-32220.620778,-20223.076072,-45171.109756,0.0
-8333.646754,-12858.980937,-11246.056705,-36663.968761,-34007.03925,-32227.035728,-20236.37536,-45181.056283,0.0
-8320.079246,-12848.050934,-11234.120874,-36654.312808,-34001.540721,-32217.715051,-20229.446319,-45161.274989,0.0
-8302.667237,-12851.806027,-11240.960508,-36647.115546,-34003.597081,-32213.647033,-20217.309322,-45146.187561,0.0
-8291.625475,-12842.172425,-11231.50572,-36631.648139,-33989.247261,-32204.326356,-20201.439583,-45124.752238,0.0
-8281.768356,-12833.5223,-11225.828377,-36619.377031,-33986.475645,-32200.504208,-20193.862342,-45099.606526,0.0
-8276.381585,-12837.478559,-11230.343429,-36621.165171,-34014.415325,-32207.187379,-20206.871057,-45082.10511,0.0
-8222.446826,-12804.017997,-11197.866344,-36589.492749,-33987.660287,-32190.580033,-20163.08399,-45019.587281,0.0
-8204.274858,-12804.286218,-11198.5816,-36576.416978,-33949.282342,-32178.398332,-20130.517498,-45085.502575,0.0
-8236.506073,-12833.254079,-11216.887679,-36601.696801,-33960.681732,-32182.399295,-20160.312374,-45126.473323,0.0
-8262.188227,-12844.631117,-11226.320115,-36622.8192,-33970.538851,-32179.806492,-20182.887636,-45121.600642,0.0
-8280.02492,-12844.251137,-11223.57085,-36634.598569,-33976.372656,-32182.511053,-20192.923569,-45113.509311,0.0
-8307.785786,-12858.556254,-11234.523205,-36652.122337,-33996.489226,-32197.821998,-20212.883677,-45134.564654,0.0
-8330.070475,-12858.980937,-11235.841958,-36656.995017,-34007.486285,-32211.233045,-20222.718444,-45132.217721,0.0
-8293.637132,-12832.695285,-11208.461071,-36627.937749,-33992.152988,-32184.992097,-20203.786517,-45092.275154,0.0
-8254.208655,-12812.668122,-11187.539838,-36622.573331,-33975.880918,-32167.22246,-20194.711708,-45088.967095,0.0
-8248.888939,-12846.732181,-11226.454225,-36626.775459,-33986.520348,-32208.237911,-20199.718499,-45120.952442,0.0
-8301.192022,-12867.943986,-11239.999382,-36642.153459,-34001.585424,-32222.587731,-20195.494019,-45079.445252,0.0
-8312.010266,-12869.933292,-11238.166539,-36637.616055,-34004.111171,-32219.547894,-20199.763203,-45100.254726,0.0
-8272.313568,-12861.394925,-11230.23167,-36628.518895,-33998.45618,-32204.706336,-20167.353173,-45120.93009,0.0
-8262.903483,-12875.253007,-11228.197661,-36635.202066,-34012.42602,-32192.614042,-20141.93924,-45116.70561,0.0
-8274.660501,-12872.906074,-11225.046065,-36625.344947,-33999.707878,-32203.812266,-20189.637862,-45129.356698,0.0
-8285.232876,-12855.024678,-11210.070397,-36617.56654,-33971.567031,-32192.636394,-20223.254886,-45159.017463,0.0
-8279.197905,-12858.89153,-11205.309475,-36630.284683,-33986.319183,-32186.44496,-20227.971104,-45181.436262,0.0
-8270.301911,-12867.318138,-11214.697208,-36625.479057,-33989.87311,-32193.642222,-20199.964368,-45143.594759,0.0
-8271.06187,-12873.084888,-11218.027618,-36632.542209,-34003.664136,-32198.917234,-20196.633958,-45122.964099,0.0
-8268.469068,-12881.198571,-11223.995533,-36646.713215,-34017.388107,-32206.04744,-20208.301569,-45118.359639,0.0
-8268.75964,-12904.019702,-11237.898319,-36640.588837,-34019.511523,-32226.320473,-20201.864267,-45142.164247,0.0
-8253.202826,-12906.009007,-11230.634002,-36624.987319,-34013.18598,-32239.35154,-20194.331729,-45186.711274,0.0
-8237.266032,-12889.558123,-11229.672877,-36612.291528,-34017.991605,-32254.662484,-20172.918758,-45161.520858,0.0
-8207.582916,-12885.937141,-11238.837092,-36594.365429,-34059.878774,-32295.834398,-20129.466966,-45134.408192,0.0
-8190.59559,-12887.904094,-11240.580528,-36616.046621,-34091.975879,-32281.015191,-20141.961591,-45154.703576,0.0
-8259.103687,-12887.72528,-11230.23167,-36636.096136,-34020.740869,-32255.601258,-20224.171308,-45146.29932,0.0
-8263.350518,-12937.56967,-11256.919653,-36623.19918,-33999.171436,-32271.806272,-20257.251889,-45173.926076,0.0
-8266.211541,-12961.284871,-11277.952645,-36629.524723,-34036.90118,-32297.309613,-20237.671761,-45222.228196,0.0
-8248.955995,-12964.659985,-11279.070232,-36639.247732,-34055.631942,-32316.800334,-20238.543479,-45217.579033,0.0
-8217.998829,-12991.236209,-11305.847622,-36643.382805,-34082.856367,-32360.296829,-20239.996343,-45233.42642,0.0
-8219.317582,-12974.941787,-11287.027453,-36618.9747,-34073.982724,-32348.808032,-20187.581502,-45204.659725,0.0
-8209.058131,-12947.359734,-11258.618386,-36607.57531,-34075.301477,-32357.055826,-20157.741923,-45166.438242,0.0
-8207.337047,-13002.725005,-11312.754311,-36613.565578,-34090.388905,-32420.445373,-20189.615511,-45159.151573,0.0
-8247.033745,-13047.406143,-11337.073009,-36651.809412,-34120.988443,-32437.119774,-20280.877683,-45191.874527,0.0
-8206.800605,-13052.100009,-11330.076913,-36647.227305,-34096.0886,-32417.271425,-20275.937948,-45218.406048,0.0
-8229.778198,-13070.339032,-11352.272195,-36667.120357,-34099.061382,-32435.421042,-20299.988425,-45210.985268,0.0
-8234.986154,-13090.67912,-11367.761954,-36668.126186,-34110.013736,-32468.97101,-20312.572457,-45245.608121,0.0
-8220.345762,-13073.960015,-11348.49475,-36656.883258,-34111.399545,-32472.770807,-20329.202155,-45226.117399,0.0
-8158.319671,-12991.862058,-11292.458927,-36626.440182,-34101.85535,-32496.843636,-20317.73571,-45141.381936,0.0
-8124.121502,-12978.227494,-11290.693139,-36610.034002,-34130.532638,-32537.121479,-20275.692079,-45160.157402,0.0
-8160.934825,-13087.549876,-11382.424698,-36627.200142,-34102.995289,-32552.231258,-20311.678387,-45278.286371,0.0
-8199.82686,-13169.290205,-11460.879321,-36646.288532,-34112.919463,-32592.285584,-20364.897891,-45295.3184,0.0
-8192.875468,-13170.698365,-11461.996908,-36679.70439,-34149.151641,-32601.941538,-20403.253484,-45339.038412,0.0
-8183.93477,-13136.589603,-11429.631582,-36677.133939,-34144.346016,-32599.371087,-20387.517856,-45296.458339,0.0
-8205.526555,-13131.359295,-11422.344914,-36673.915288,-34157.734711,-32621.856942,-20391.071783,-45277.057025,0.0
-8217.842366,-13156.393249,-11434.794835,-36659.006674,-34138.646321,-32656.233925,-20454.103703,-45290.378665,0.0
-8211.516823,-13199.308598,-11475.564417,-36658.358474,-34138.646321,-32702.658499,-20416.172792,-45342.21236,0.0
-8188.80745,-13216.541793,-11500.84424,-36679.033837,-34167.614182,-32736.677854,-20432.467214,-45333.271662,0.0
-8212.679113,-13221.235659,-11506.588639,-36687.169872,-34190.591775,-32763.164671,-20490.022956,-45270.150336,0.0
-8206.577087,-13203.980113,-11483.40988,-36706.794704,-34198.772514,-32741.103499,-20490.760564,-45225.111571,0.0
-8186.996959,-13169.938406,-11427.888146,-36688.846253,-34142.624932,-32700.579786,-20523.036483,-45327.34845,0.0
-8210.242773,-13211.333836,-11473.262188,-36659.610171,-34104.917539,-32752.547592,-20518.923762,-45403.746713,0.0
-8231.454579,-13277.964387,-11554.53313,-36636.207895,-34113.142981,-32804.738916,-20517.850878,-45430.792323,0.0
-8202.844346,-13275.416288,-11558.556444,-36670.763692,-34166.250726,-32797.966337,-20551.44555,-45412.150969,0.0
-8199.893916,-13234.847872,-11515.618743,-36727.604178,-34225.192276,-32777.738008,-20528.043273,-45382.512555,0.0
-8246.340841,-13186.568104,-11466.690775,-36746.513754,-34225.684014,-32771.61363,-20576.166579,-45390.201556,0.0
-8214.914288,-13225.571898,-11521.921935,-36705.520654,-34199.510121,-32835.360805,-20567.896434,-45354.684634,0.0
-8212.232079,-13281.026576,-11581.422279,-36680.821977,-34183.595679,-32865.647419,-20527.48448,-45369.079157,0.0
-8243.815093,-13293.051814,-11595.570933,-36710.348631,-34194.525682,-32844.793242,-20539.286201,-45422.119847,0.0
-8220.368114,-13274.209294,-11585.333834,-36711.265053,-34191.485845,-32839.674692,-20545.656448,-45376.276419,0.0
-8239.791779,-13242.045133,-11558.020003,-36712.784971,-34208.361412,-32850.224715,-20562.107332,-45332.22113,0.0
-8222.558585,-13242.492168,-11551.06861,-36685.739361,-34181.360505,-32836.076061,-20544.896489,-45362.731262,0.0
-8199.916267,-13246.001392,-11559.964604,-36668.282648,-34163.903792,-32833.147983,-20508.865477,-45365.122898,0.0
-8220.122244,-13248.236567,-11556.544787,-36695.484721,-34181.449912,-32827.60475,-20537.9898,-45386.535869,0.0
-8220.613983,-13263.234587,-11578.673014,-36682.230137,-34167.59183,-32848.1013,-20536.000494,-45428.981832,0.0
-8215.115454,-13263.435753,-11583.031605,-36659.453709,-34165.066083,-32853.108091,-20489.330052,-45433.295719,0.0
-8225.19609,-13257.780761,-11575.499067,-36695.283555,-34204.293395,-32848.61539,-20465.123113,-45410.005201,0.0
-8271.173629,-13245.532005,-11558.064706,-36725.681928,-34219.939616,-32852.146966,-20505.646826,-45372.297808,0.0
-8215.406026,-13187.350415,-11522.011342,-36668.9532,-34184.020362,-32882.008896,-20468.587633,-45206.604327,0.0
-8240.395277,-13209.255124,-11542.194968,-36697.13875,-34194.145703,-32875.146911,-20540.403788,-45331.461171,0.0
-8282.97535,-13267.012032,-11569.598206,-36729.414669,-34198.996031,-32793.540692,-20573.037335,-45517.472388,0.0
-8257.404954,-13234.378485,-11534.684781,-36707.286442,-34173.447987,-32782.49893,-20551.289088,-45443.041079,0.0
-8247.659594,-13208.584572,-11522.145453,-36686.342858,-34191.374086,-32798.480427,-20509.42427,-45420.465818,0.0
-8262.277634,-13220.453348,-11539.579813,-36702.726686,-34205.366278,-32802.6155,-20496.326148,-45397.242355,0.0
-8265.362175,-13200.090909,-11522.592488,-36692.64605,-34160.305162,-32796.98286,-20511.86061,-45373.705968,0.0
-8264.02107,-13171.52538,-11503.034711,-36706.191207,-34190.278851,-32799.530959,-20526.635114,-45386.222945,0.0
-8259.796591,-13170.519551,-11524.693552,-36705.72182,-34195.553863,-32807.48818,-20497.488439,-45391.475605,0.0
-8260.735364,-13197.900438,-11548.520511,-36694.165968,-34191.239976,-32804.962433,-20492.146372,-45392.280268,0.0
-8263.708146,-13191.373729,-11536.607031,-36697.697544,-34190.949403,-32810.706831,-20488.324224,-45318.988898,0.0
-8266.390355,-13168.642005,-11526.660505,-36701.631451,-34179.12533,-32810.282148,-20475.270805,-45320.978203,0.0
-8266.278597,-13155.879158,-11508.309723,-36697.89871,-34182.902775,-32778.252098,-20489.82179,-45442.594045,0.0
-8270.726594,-13144.2339,-11482.247589,-36708.515788,-34211.960043,-32779.950831,-20498.896599,-45442.862265,0.0
-8261.763544,-13120.965734,-11467.473086,-36695.887053,-34212.697651,-32784.220014,-20464.877244,-45355.288131,0.0
-8250.610024,-13117.411806,-11494.473993,-36678.251526,-34177.694819,-32791.238462,-20460.60806,-45332.444648,0.0
-8268.781992,-13124.519661,-11484.05808,-36682.498358,-34134.734766,-32748.256057,-20518.722596,-45421.449294,0.0
-8285.41169,-13135.807292,-11482.627569,-36703.397239,-34170.050522,-32751.765281,-20539.040332,-45420.957556,0.0
-8286.462222,-13123.87146,-11483.678101,-36699.95507,-34171.726903,-32760.482462,-20546.237593,-45390.045093,0.0
-8265.988024,-13079.726765,-11466.713127,-36685.761712,-34179.460607,-32747.294932,-20505.713881,-45390.670942,0.0
-8251.83937,-13055.251605,-11429.139844,-36689.405047,-34205.790961,-32718.461182,-20445.654743,-45347.97911,0.0
-8259.729536,-13062.717088,-11438.348763,-36693.093084,-34187.015496,-32739.225953,-20441.162043,-45307.790674,0.0
-8280.449603,-13086.476992,-11459.001775,-36700.178587,-34168.307086,-32745.752662,-20478.377697,-45324.889758,0.0
-8280.941341,-13088.600408,-11479.095993,-36693.271898,-34195.620918,-32770.808967,-20519.996645,-45307.701267,0.0
-8276.44864,-13077.759812,-11465.237911,-36693.450712,-34199.48777,-32734.375624,-20499.969482,-45386.021779,0.0
-8276.292178,-13070.450791,-11440.114551,-36699.172759,-34207.914377,-32713.990833,-20505.043328,-45385.284172,0.0
-8289.63617,-13053.329355,-11439.913385,-36700.402105,-34204.405153,-32740.701168,-20507.971407,-45363.670035,0.0
-8293.368911,-13033.257488,-11431.039742,-36695.060038,-34179.661772,-32735.09088,-20508.418442,-45363.491221,0.0
-8291.17844,-13047.026163,-11453.235025,-36695.194148,-34192.223453,-32743.495136,-20503.948093,-45382.601962,0.0
-8295.849955,-13056.972689,-11467.6519,-36714.170779,-34219.671395,-32729.368833,-20531.954829,-45362.038358,0.0
-8292.519545,-13052.792913,-11462.510999,-36715.288367,-34213.345851,-32727.960673,-20538.146262,-45366.978093,0.0
-8297.012245,-13034.17391,-11461.795743,-36709.543968,-34213.502313,-32749.999493,-20532.245401,-45348.895532,0.0
-8307.852841,-13024.540308,-11433.498434,-36705.811227,-34206.260348,-32717.187133,-20536.156957,-45356.204552,0.0
-8310.065664,-13011.308075,-11429.430417,-36704.492474,-34201.67824,-32717.835333,-20510.474802,-45354.014081,0.0
-8288.585638,-13019.935849,-11438.482873,-36698.591614,-34198.504293,-32723.445621,-20514.073433,-45386.267648,0.0
-8288.071548,-13023.467424,-11440.785103,-36700.804436,-34185.741447,-32705.072487,-20521.941247,-45383.406625,0.0
-8292.251324,-12983.256636,-11448.161179,-36695.752942,-34175.437293,-32700.378621,-20513.246419,-45359.602017,0.0
-8308.99278,-13045.5733,-11426.39058,-36699.351573,-34176.264307,-32708.246435,-20510.720672,-45382.289038,0.0
-8296.721673,-13009.922267,-11431.173853,-36701.273823,-34203.511084,-32714.303757,-20507.837296,-45369.928523,0.0
-8307.539917,-13025.009695,-11426.077655,-36705.364192,-34211.15538,-32712.113287,-20518.499079,-45361.256046,0.0
-8302.823699,-12995.237171,-11395.746338,-36696.870529,-34187.239014,-32682.608984,-20504.708052,-45383.116053,0.0
-8298.800385,-12962.693031,-11376.523838,-36692.489587,-34190.636479,-32661.508937,-20496.639072,-45366.866334,0.0
-8296.855783,-12966.895159,-11393.555867,-36690.232061,-34195.173883,-32677.333972,-20495.275616,-45361.971302,0.0
-8308.121062,-12973.935959,-11409.894992,-36711.332108,-34211.445953,-32686.833464,-20512.173535,-45392.347323,0.0
-8315.184214,-12986.38588,-11432.693771,-36713.880207,-34210.060145,-32707.866455,-20532.066587,-45387.206422,0.0
-8324.057856,-12978.56277,-11440.472179,-36723.379698,-34208.763743,-32712.850894,-20560.945041,-45379.584477,0.0
-8319.475748,-12966.001089,-11411.593725,-36717.009451,-34184.400342,-32678.183338,-20552.898413,-45384.613619,0.0
-8312.434949,-12947.337383,-11387.140916,-36684.71118,-34161.489804,-32649.953085,-20522.790614,-45385.507689,0.0
-8304.343617,-12934.261612,-11382.089422,-36682.721875,-34173.291525,-32658.558507,-20510.675968,-45376.835212,0.0
-8302.600181,-12927.265516,-11391.946541,-36696.445846,-34176.711342,-32676.506958,-20501.444698,-45364.005311,0.0
-8326.270679,-12955.339307,-11400.551963,-36703.844274,-34200.359488,-32697.629356,-20494.962692,-45379.606829,0.0
-8330.919842,-12960.659022,-11397.065091,-36712.360288,-34201.611185,-32683.07837,-20500.595331,-45400.729227,0.0
-8335.479598,-12953.215892,-11387.118565,-36709.253396,-34193.944537,-32666.269859,-20506.85382,-45390.201556,0.0
-8340.486388,-12949.192578,-11390.560733,-36714.081373,-34186.769627,-32650.668341,-20523.796442,-45381.663189,0.0
-8344.710868,-12948.902005,-11389.823126,-36722.329166,-34183.260403,-32648.790794,-20537.028675,-45385.686503,0.0
-8332.685629,-12939.558976,-11371.494695,-36712.539102,-34179.88529,-32649.282533,-20517.582657,-45369.950875,0.0
-8334.898452,-12933.255784,-11357.234282,-36713.455524,-34179.147682,-32641.638236,-20528.222087,-45378.779814,0.0
-8346.78958,-12926.505557,-11354.395611,-36710.370983,-34177.404246,-32642.107623,-20527.506832,-45376.187012,0.0
-8360.468848,-12937.323801,-11361.838742,-36722.910312,-34191.150569,-32649.796623,-20532.73714,-45384.457157,0.0
-8360.75942,-12943.828159,-11359.067125,-36725.413707,-34184.802673,-32634.530382,-20544.672971,-45390.559183,0.0
-8367.084964,-12935.89329,-11358.128352,-36721.055117,-34177.828929,-32619.688823,-20533.161823,-45380.679712,0.0
-8363.374575,-12922.146967,-11344.314974,-36716.003623,-34165.133138,-32600.466323,-20512.866439,-45367.894515,0.0
-8352.802199,-12915.106167,-11337.788264,-36713.232006,-34164.507289,-32608.736468,-20501.064718,-45360.987826,0.0
-8356.557293,-12930.193595,-11360.251768,-36718.909349,-34170.54226,-32621.544018,-20499.276578,-45366.911038,0.0
-8376.472697,-12934.48513,-11369.795963,-36732.946245,-34178.99122,-32624.069765,-20500.215352,-45366.68752,0.0
-8371.309444,-12914.145042,-11351.780457,-36715.511884,-34186.277889,-32604.936672,-20478.377697,-45353.812916,0.0
-8372.896418,-12902.566839,-11342.86211,-36712.337936,-34189.585947,-32604.310823,-20483.116267,-45350.773078,0.0
-8356.445534,-12899.549353,-11333.183805,-36712.472047,-34168.754121,-32599.728715,-20519.504907,-45355.042261,0.0
-8358.792467,-12901.56101,-11340.738695,-36727.291253,-34160.483975,-32583.680163,-20527.48448,-45370.062634,0.0
-8363.933368,-12901.359844,-11336.938898,-36724.519637,-34154.449004,-32577.376971,-20503.255189,-45360.27257,0.0
-8364.067479,-12896.531868,-11341.632765,-36718.01528,-34161.355694,-32584.685991,-20469.302889,-45349.700195,0.0
-8364.402755,-12881.466792,-11327.282945,-36712.159122,-34160.618086,-32566.357561,-20466.62068,-45340.938311,0.0
-8354.120952,-12868.033393,-11316.665866,-36710.818018,-34160.193403,-32564.703532,-20493.286311,-45321.894624,0.0
-8347.706002,-12862.803085,-11317.001142,-36706.258262,-34165.602525,-32569.017419,-20495.812058,-45319.033601,0.0
-8365.073307,-12875.230655,-11332.22268,-36729.03469,-34168.821176,-32571.386703,-20501.332939,-45343.464058,0.0
-8376.316235,-12884.39487,-11339.352887,-36732.253341,-34172.576269,-32570.559689,-20506.98793,-45351.041299,0.0
-8352.533979,-12851.33664,-11311.055578,-36710.549797,-34158.695836,-32550.219601,-20457.344706,-45311.165787,0.0
-8355.998499,-12849.190873,-11312.687255,-36706.012393,-34159.411092,-32553.885288,-20453.947241,-45307.522453,0.0
-8356.534941,-12841.256004,-11312.821366,-36703.061962,-34150.693911,-32543.201154,-20456.964726,-45306.360162,0.0
-8352.265758,-12831.443588,-11302.539563,-36702.950204,-34157.935877,-32534.57338,-20456.025953,-45299.386418,0.0
-8352.712792,-12839.221995,-11304.484165,-36713.947262,-34165.66958,-32536.853258,-20472.00745,-45314.160921,0.0
-8365.185066,-12841.792445,-11311.301447,-36729.817001,-34157.84647,-32538.015549,-20485.32909,-45321.44759,0.0
-8371.555313,-12837.769131,-11304.372407,-36722.329166,-34153.577286,-32518.860104,-20479.785857,-45310.539938,0.0
-8361.362918,-12830.638925,-11307.099319,-36710.214521,-34156.617124,-32535.065119,-20460.451598,-45303.700304,0.0
-8345.560234,-12828.582564,-11310.250915,-36701.229119,-34152.414996,-32547.51504,-20453.410799,-45294.401979,0.0
-8354.590339,-12832.270602,-11313.268401,-36716.070678,-34163.903792,-32544.318741,-20462.820883,-45290.468072,0.0
-8363.106354,-12823.39696,-11305.758215,-36721.4798,-34170.765778,-32536.36152,-20458.395238,-45295.430159,0.0
-8358.479543,-12818.636038,-11296.34813,-36712.203826,-34159.478147,-32525.967959,-20450.639182,-45305.622554,0.0
-8356.244368,-12806.588448,-11283.808802,-36709.767486,-34148.23522,-32515.440287,-20468.297061,-45301.621592,0.0
-8360.714717,-12802.587486,-11282.624159,-36721.189227,-34150.716263,-32507.706583,-20472.879168,-45295.497214,0.0
-8358.680708,-12795.904314,-11278.176162,-36712.986137,-34146.134156,-32500.017583,-20453.120226,-45286.802386,0.0
-8363.262816,-12808.086015,-11292.704796,-36709.298099,-34160.28281,-32518.524828,-20449.253374,-45288.121139,0.0
-8367.822572,-12822.994628,-11307.568706,-36727.335957,-34169.424673,-32531.332377,-20468.274709,-45304.013229,0.0
-8372.136458,-12823.955753,-11306.451119,-36731.783954,-34165.624877,-32522.123459,-20468.855854,-45307.075418,0.0
-8357.518418,-12796.597218,-11282.914732,-36709.275747,-34145.620065,-32505.180836,-20447.062903,-45288.679932,0.0
-8351.975185,-12791.277503,-11279.718432,-36706.168855,-34133.371309,-32506.030203,-20442.994886,-45291.451549,0.0
-8353.629214,-12806.163765,-11292.123651,-36710.08041,-34134.354786,-32511.148752,-20443.956011,-45300.258136,0.0
-8343.772095,-12784.951959,-11274.599883,-36707.599367,-34125.727013,-32479.565737,-20439.396255,-45274.128947,0.0
-8347.527188,-12792.372738,-11281.417165,-36719.199922,-34148.346978,-32476.637659,-20443.777197,-45286.400054,0.0
-8353.048069,-12794.943189,-11281.8642,-36712.874378,-34152.951438,-32487.120627,-20428.622714,-45282.779072,0.0
-8357.741935,-12802.38632,-11293.084776,-36711.913253,-34143.429594,-32501.403392,-20424.264124,-45273.123118,0.0
-8347.795409,-12796.776032,-11287.161563,-36704.023088,-34131.829039,-32492.060362,-20426.186374,-45264.718862,0.0
-8356.40083,-12799.346483,-11289.843773,-36708.761657,-34140.747385,-32493.669688,-20429.047397,-45277.772281,0.0
-8363.531037,-12791.925704,-11274.68929,-36717.367079,-34134.935932,-32486.51713,-20425.292304,-45276.699397,0.0
-8358.367784,-12782.225046,-11262.976976,-36721.032765,-34119.714394,-32479.744551,-20448.806339,-45270.798537,0.0
-8358.144266,-12782.78384,-11261.971147,-36715.623643,-34120.809629,-32474.201319,-20445.028895,-45277.973447,0.0
-8342.207473,-12783.901427,-11261.837037,-36709.275747,-34122.217789,-32460.410292,-20428.376845,-45278.956923,0.0
-8370.884761,-12793.758547,-11270.621272,-36729.861704,-34130.063251,-32464.858289,-20449.029857,-45288.858746,0.0
-8366.682633,-12793.602084,-11279.070232,-36719.334032,-34130.979673,-32475.922403,-20440.267973,-45284.097825,0.0
-8348.555368,-12781.934474,-11259.82538,-36711.779143,-34118.619158,-32465.931173,-20425.515822,-45281.259153,0.0
-8356.110258,-12790.674006,-11265.837999,-36712.89673,-34119.245007,-32464.344199,-20426.767519,-45291.85388,0.0
-8365.408583,-12802.095747,-11279.964302,-36710.393335,-34116.607501,-32471.452054,-20428.935639,-45291.362142,0.0
-8368.470772,-12811.327018,-11289.307331,-36714.439,-34116.898074,-32480.191586,-20435.305886,-45298.760569,0.0
-8356.669051,-12797.871268,-11274.1752,-36716.674175,-34120.429649,-32467.093464,-20428.198031,-45286.198889,0.0
-8340.151112,-12780.369852,-11248.42599,-36713.902559,-34110.818399,-32438.170306,-20416.195144,-45263.444813,0.0
-8342.94508,-12791.702186,-11253.812761,-36727.313605,-34120.384946,-32445.658141,-20433.003656,-45286.489461,0.0
-8375.824496,-12802.632189,-11264.921578,-36737.640111,-34124.005929,-32460.186775,-20437.809281,-45295.139586,0.0
-8367.979034,-12799.771166,-11267.670842,-36723.737326,-34109.700812,-32459.449167,-20430.075578,-45281.102691,0.0
-8361.497028,-12818.770149,-11284.881685,-36718.171742,-34104.090524,-32466.311153,-20426.409891,-45280.275676,0.0
-8371.465906,-12825.654486,-11290.648435,-36719.266977,-34116.383984,-32468.613382,-20429.248563,-45282.577906,0.0
-8378.126726,-12825.140396,-11289.843773,-36733.505038,-34123.670652,-32467.56285,-20443.151348,-45296.570098,0.0
-8376.070365,-12818.725445,-11278.489086,-36731.359271,-34116.316928,-32458.353932,-20439.9774,-45299.654639,0.0
-8367.241426,-12803.772128,-11255.98088,-36735.471992,-34114.148809,-32444.942885,-20442.011409,-45293.083226,0.0
-8362.592264,-12792.529201,-11237.78656,-36730.532256,-34107.800914,-32435.733966,-20432.869546,-45293.038522,0.0
-8380.943046,-12814.858593,-11253.410429,-36731.336919,-34109.745516,-32445.456975,-20433.763615,-45303.029752,0.0
-8377.590284,-12832.11414,-11265.815647,-36728.811172,-34109.969033,-32447.379225,-20434.121243,-45301.420427,0.0
-8355.37265,-12815.395035,-11238.658278,-36706.191207,-34082.208166,-32411.616434,-20412.261237,-45264.763566,0.0
-8359.239502,-12810.365893,-11233.025638,-36712.047364,-34073.938021,-32405.447353,-20406.427432,-45256.225199,0.0
-8371.041223,-12831.264774,-11260.898264,-36732.11923,-34105.945719,-32444.853478,-20424.733511,-45287.294124,0.0
-8360.580607,-12844.072323,-11277.63972,-36733.505038,-34122.776583,-32463.763054,-20435.037665,-45304.817892,0.0
-8385.055767,-12855.56112,-11278.980825,-36732.476858,-34116.093411,-32454.889411,-20431.506089,-45293.306743,0.0
-8388.475584,-12856.902225,-11274.8234,-36740.098803,-34112.025393,-32448.072129,-20439.530365,-45307.209528,0.0
-8392.945933,-12851.761323,-11269.727203,-36747.139603,-34114.998176,-32448.20624,-20439.887993,-45305.30963,0.0
-8365.073307,-12845.212262,-11258.327813,-36727.24655,-34099.03903,-32436.225705,-20417.692711,-45295.161938,0.0
-8379.557238,-12846.821588,-11252.561063,-36727.62653,-34107.264472,-32437.343292,-20419.257333,-45308.304764,0.0
-8373.902246,-12841.635983,-11237.943022,-36718.819942,-34101.520074,-32425.206295,-20420.576086,-45305.935479,0.0
-8375.444517,-12853.169483,-11248.984784,-36724.474934,-34093.629908,-32423.887542,-20422.654798,-45284.388397,0.0
-8374.572799,-12884.014891,-11279.293749,-36739.919989,-34107.510341,-32440.628998,-20437.339894,-45289.685761,0.0
-8372.784659,-12903.952647,-11289.642607,-36744.882076,-34111.041917,-32443.221801,-20433.227173,-45292.904412,0.0
-8395.114052,-12915.217926,-11297.733938,-36747.005492,-34115.713431,-32454.911763,-20435.931735,-45296.234822,0.0
-8405.529965,-12922.616353,-11303.366578,-36757.242591,-34117.635681,-32456.990475,-20439.753883,-45310.249366,0.0
-8413.308372,-12939.782493,-11313.13429,-36765.132757,-34131.426708,-32471.921441,-20455.578918,-45322.319308,0.0
-8393.370616,-12920.068254,-11283.250008,-36742.222219,-34114.618196,-32449.547344,-20433.450691,-45304.124988,0.0
-8371.488258,-12899.035263,-11255.533845,-36722.440925,-34090.545367,-32422.725251,-20416.038682,-45298.827624,0.0
-8378.171429,-12909.272362,-11254.639775,-36725.279596,-34091.081809,-32420.803001,-20422.721854,-45307.008363,0.0
-8357.80899,-12915.39674,-11259.691269,-36710.326279,-34092.177044,-32423.887542,-20411.009539,-45289.261078,0.0
-8353.025717,-12923.868051,-11264.139267,-36709.253396,-34096.289765,-32425.988606,-20408.372034,-45277.727577,0.0
-8342.408638,-12937.100284,-11266.150924,-36709.208692,-34090.97005,-32413.628091,-20402.605284,-45271.782013,0.0
-8338.653545,-12965.330537,-11289.083813,-36715.467181,-34102.816475,-32429.855458,-20407.790888,-45290.490423,0.0
-8318.33581,-12954.624051,-11272.923502,-36697.161102,-34080.062399,-32411.907007,-20389.730679,-45277.526412,0.0
-8321.085074,-12959.295566,-11266.821476,-36697.563433,-34071.680495,-32405.469704,-20392.748164,-45273.190173,0.0
-8324.795464,-12962.871845,-11257.813723,-36696.445846,-34070.048817,-32400.217044,-20399.118411,-45272.139641,0.0
-8340.218167,-12966.872807,-11247.9119,-36706.347669,-34073.53569,-32395.903158,-20399.297225,-45270.127984,0.0
-8361.094697,-12977.15461,-11244.20151,-36716.115381,-34086.365591,-32402.519274,-20415.435185,-45282.846127,0.0
-8366.660281,-12977.601645,-11227.258888,-36724.407878,-34088.466655,-32397.713649,-20421.671322,-45284.768377,0.0
-8361.921711,-12970.694956,-11207.611705,-36717.612948,-34067.299553,-32380.905137,-20416.888048,-45274.061891,0.0
-8373.164639,-13022.327485,-11252.717525,-36724.631396,-34079.213033,-32401.44639,-20418.519726,-45291.205679,0.0
-8384.049938,-13053.619928,-11278.53379,-36731.739251,-34097.161483,-32417.539646,-20418.922057,-45296.860671,0.0
-8405.351151,-13080.330262,-11293.174183,-36753.666312,-34109.812571,-32432.045928,-20440.066807,-45302.202738,0.0
-8410.045017,-13098.725748,-11304.350055,-36772.35237,-34123.961225,-32441.590123,-20454.886014,-45308.550633,0.0
-8407.385159,-13091.819059,-11288.65913,-36765.088053,-34113.567664,-32425.78744,-20450.99681,-45309.042371,0.0
-8398.04213,-13090.053271,-11278.131459,-36748.570114,-34099.41901,-32414.700975,-20434.344761,-45301.420427,0.0
-8398.735034,-13100.066853,-11274.711642,-36749.263018,-34101.251853,-32415.975024,-20441.609078,-45295.988953,0.0
-8407.183994,-13114.573135,-11278.936121,-36757.756681,-34109.521998,-32425.832144,-20459.021087,-45323.101619,0.0
-8399.271476,-13113.969638,-11262.172313,-36745.016187,-34091.081809,-32404.910911,-20448.202842,-45320.285299,0.0
-8403.741825,-13120.27283,-11260.115953,-36747.36312,-34090.053629,-32405.089725,-20434.456519,-45318.698325,0.0
-8409.8215,-13128.230051,-11261.457057,-36756.639094,-34100.603652,-32412.868132,-20441.206746,-45315.971412,1.0
-8395.628142,-13120.496347,-11243.419199,-36744.949132,-34087.12555,-32392.908024,-20444.604211,-45298.045313,0.0
-8408.525098,-13136.634307,-11250.772923,-36762.674065,-34094.903957,-32400.775838,-20457.791741,-45313.758589,0.0
-8412.481357,-13169.558426,-11278.377328,-36766.093882,-34102.101219,-32413.963367,-20468.833502,-45319.324174,0.0
-8403.563011,-13169.044336,-11270.531865,-36751.431137,-34092.802893,-32401.379335,-20452.561432,-45305.533148,0.0
-8407.988657,-13168.642005,-11263.893397,-36759.053082,-34093.227576,-32396.640765,-20446.593517,-45297.173595,0.0
-8413.554241,-13175.012252,-11263.468714,-36764.685722,-34094.479274,-32400.79819,-20449.879223,-45313.266851,0.0
-8403.339494,-13166.719755,-11247.330755,-36751.386434,-34082.990477,-32386.917756,-20437.339894,-45308.215357,0.0
-8401.216078,-13172.128877,-11245.497912,-36750.425309,-34083.996306,-32387.945937,-20442.614906,-45309.131778,0.0
-8410.380293,-13191.709005,-11256.696136,-36758.293123,-34085.270355,-32393.846797,-20452.159101,-45313.155092,0.0
-8394.331741,-13189.384423,-11246.88372,-36742.11046,-34074.69798,-32378.446445,-20429.382673,-45289.708112,0.0
-8405.485261,-13203.421319,-11244.357973,-36761.735292,-34079.011867,-32379.988716,-20434.680037,-45301.778054,0.0
-8416.862299,-13229.70697,-11257.478447,-36770.8101,-34088.958393,-32394.606757,-20458.417589,-45317.245462,0.0
-8417.354037,-13246.940165,-11264.251025,-36767.546745,-34093.316983,-32397.043097,-20459.646935,-45317.133703,0.0
-8430.318049,-13263.234587,-11264.899226,-36778.052065,-34097.25089,-32398.451257,-20461.815055,-45316.239633,0.0
-8418.359866,-13258.987756,-11251.063496,-36770.094844,-34085.806797,-32385.509597,-20453.969592,-45302.917993,0.0
-8416.459968,-13262.474628,-11250.124723,-36776.420388,-34081.649373,-32380.323992,-20445.766502,-45301.643944,0.0
-8417.421093,-13278.970215,-11250.996441,-36767.904373,-34075.279126,-32378.602907,-20441.273801,-45307.902432,0.0
-8423.746636,-13298.930323,-11258.327813,-36764.01517,-34074.318001,-32383.587347,-20443.777197,-45307.634211,0.0
-8428.775779,-13313.526012,-11266.150924,-36777.739141,-34077.044913,-32387.163626,-20462.932642,-45317.245462,0.0
-8416.147043,-13306.976951,-11250.169426,-36770.608934,-34077.626059,-32373.730227,-20460.004563,-45306.941307,0.0
-8411.252011,-13299.667931,-11232.265679,-36769.334885,-34074.362704,-32362.62141,-20438.904517,-45287.763511,0.0
-8423.947802,-13318.666913,-11242.458074,-36783.394132,-34087.483178,-32374.825463,-20450.795645,-45307.343639,0.0
-8419.18688,-13331.116835,-11241.519301,-36767.300876,-34077.827224,-32371.092721,-20457.188244,-45305.086113,0.0
-8426.22768,-13353.401524,-11254.70683,-36772.106501,-34074.765035,-32376.188919,-20463.446732,-45309.601165,0.0
-8430.295697,-13369.897112,-11265.860351,-36782.433007,-34081.962297,-32380.703971,-20466.531273,-45311.813988,0.0
-8425.132445,-13365.449114,-11257.232577,-36777.850899,-34072.26164,-32371.71857,-20453.790778,-45304.817892,0.0
-8418.292811,-13364.063306,-11244.58149,-36759.991856,-34052.234477,-32361.101492,-20441.698485,-45297.24065,0.0
-8424.17132,-13374.166295,-11243.93329,-36763.903411,-34064.885564,-32363.671942,-20447.398179,-45303.320325,0.0
-8424.506596,-13386.035071,-11250.907034,-36775.347504,-34074.116835,-32368.589326,-20448.895746,-45300.906336,0.0
-8417.085817,-13384.470449,-11243.955641,-36774.475786,-34072.731027,-32361.392064,-20443.374865,-45284.656618,0.0
-8394.309389,-13367.43842,-11221.559193,-36750.537068,-34055.542535,-32342.102509,-20422.431281,-45263.355406,0.0
-8397.639799,-13375.976786,-11221.045103,-36745.731443,-34053.285009,-32343.175393,-20423.727682,-45277.839336,0.0
-8409.888555,-13386.191533,-11223.123815,-36760.461242,-34057.688303,-32350.395006,-20434.881203,-45296.525395,0.0
-8431.435636,-13410.174955,-11240.088789,-36783.438836,-34073.826262,-32367.516442,-20459.892805,-45313.803293,0.0
-8425.557128,-13434.404246,-11259.020717,-36779.259059,-34077.111969,-32373.752579,-20458.127017,-45304.773188,0.0
-8424.17132,-13441.534453,-11264.295729,-36779.259059,-34076.173195,-32374.780759,-20447.442883,-45308.707095,0.0
-8421.064427,-13444.618993,-11254.617423,-36782.164786,-34069.534727,-32369.617506,-20443.620735,-45308.416523,0.0
-8424.506596,-13447.792941,-11250.147074,-36782.187138,-34073.982724,-32368.946954,-20451.667363,-45307.254232,0.0
-8427.591136,-13452.352697,-11253.812761,-36776.330981,-34073.28982,-32367.695256,-20447.0182,-45309.332944,0.0
-8411.430825,-13450.743371,-11247.509569,-36760.81887,-34061.577506,-32357.346399,-20433.584801,-45296.748912,0.0
-8420.058599,-13463.707383,-11248.537749,-36765.244516,-34064.594992,-32360.989733,-20444.917136,-45298.380589,0.0
-8413.353075,-13462.232168,-11240.714638,-36770.94421,-34063.410349,-32356.452329,-20448.42636,-45299.721694,0.0
-8406.424034,-13459.214682,-11228.152958,-36761.958809,-34055.140204,-32351.445538,-20433.651857,-45287.003551,0.0
-8408.994485,-13471.172866,-11234.97024,-36756.393225,-34055.207259,-32354.440672,-20417.782118,-45285.863612,0.0
-8411.095549,-13488.428412,-11254.148037,-36766.920896,-34062.963314,-32366.935297,-20443.754845,-45300.682819,0.0
-8408.368636,-13478.191314,-11242.122798,-36771.123024,-34052.994436,-32353.479547,-20449.096912,-45290.31161,0.0
-8440.264576,-13500.073671,-11259.557159,-36794.972336,-34080.665896,-32370.444521,-20466.62068,-45310.383476,0.0
-8444.220834,-13509.036721,-11263.759287,-36797.900414,-34091.73001,-32377.35121,-20469.660517,-45319.368877,0.0
-8423.724285,-13493.166982,-11241.496949,-36783.081208,-34073.80391,-32357.346399,-20455.243642,-45302.090979,0.0
-8413.084854,-13479.018328,-11220.352199,-36770.094844,-34051.183945,-32339.085023,-20437.563412,-45284.500156,0.0
-8423.232546,-13493.815183,-11232.980935,-36780.846033,-34059.163518,-32352.406663,-20441.564374,-45291.362142,0.0
-8433.626107,-13503.962875,-11246.034353,-36791.686629,-34072.731027,-32362.666114,-20451.555604,-45295.430159,0.0
-8431.837968,-13501.168907,-11242.234557,-36795.195853,-34072.12753,-32361.59323,-20456.294174,-45298.626458,0.0
-8420.796206,-13493.323445,-11227.080074,-36786.299859,-34063.656218,-32345.812898,-20451.197976,-45290.803348,0.0
-8423.701933,-13505.639256,-11237.004249,-36783.930574,-34067.701884,-32349.925619,-20447.822863,-45290.132796,0.0
-8423.009029,-13505.974532,-11240.893452,-36775.705132,-34063.924439,-32354.28421,-20439.955049,-45285.103653,0.0
-8433.447293,-13517.48568,-11252.181083,-36784.288202,-34074.116835,-32367.270573,-20455.489511,-45295.385456,0.0
-8440.242224,-13525.644067,-11253.67865,-36792.625403,-34075.547347,-32370.668038,-20463.737305,-45299.185252,0.0
-8437.202387,-13519.810262,-11247.598976,-36793.005382,-34077.5143,-32367.963477,-20461.010392,-45295.83249,0.0
-8424.640706,-13514.892878,-11239.485292,-36780.331943,-34071.032294,-32355.848832,-20451.130921,-45295.854842,0.0
-8418.426921,-13513.842346,-11232.91388,-36770.474824,-34058.850593,-32348.986846,-20441.296153,-45292.926764,0.0
-8422.182014,-13513.998808,-11231.058685,-36776.912126,-34064.684399,-32352.853698,-20442.637258,-45292.949115,0.0
-8426.987639,-13521.106663,-11239.373534,-36784.332905,-34069.512376,-32360.006256,-20450.192148,-45300.012267,0.0
-8449.227625,-13543.704277,-11259.132476,-36810.886778,-34092.869948,-32378.37939,-20469.57111,-45319.033601,0.0
-8433.827273,-13527.409855,-11243.307441,-36795.419371,-34080.46473,-32363.202556,-20454.058999,-45299.92286,0.0
-8417.5105,-13515.541079,-11224.889603,-36784.13174,-34063.209184,-32345.589381,-20441.452615,-45281.594429,0.0
-8424.148968,-13527.3428,-11231.25985,-36782.276545,-34060.325809,-32348.249239,-20447.91227,-45285.170708,0.0
-8433.246128,-13530.80732,-11228.734103,-36785.562251,-34066.964277,-32351.154965,-20452.695543,-45298.917031,0.0
-8433.40259,-13529.667381,-11225.694266,-36786.881004,-34070.585259,-32353.948933,-20449.96863,-45304.437912,0.0
-8444.55611,-13546.677059,-11244.894415,-36799.934423,-34082.990477,-32369.952782,-20464.899595,-45314.630308,0.0
-8439.661078,-13551.169759,-11255.667955,-36797.766304,-34085.270355,-32373.171434,-20469.928738,-45307.61186,0.0
-8423.746636,-13550.298041,-11257.321984,-36782.634173,-34070.071169,-32363.470776,-20449.722761,-45288.456415,0.0
-8420.907965,-13554.075486,-11255.869121,-36779.348466,-34065.265544,-32361.481471,-20445.766502,-45285.997723,0.0
-8422.561994,-13552.242643,-11248.828322,-36780.264888,-34065.645524,-32360.676808,-20450.214499,-45286.914144,0.0
-8434.207253,-13551.81796,-11249.387115,-36789.049123,-34075.279126,-32365.370675,-20453.477854,-45291.429197,0.0
-8444.019669,-13561.518617,-11259.624214,-36804.091847,-34087.773751,-32374.981925,-20463.379677,-45306.561328,0.0
-8450.904006,-13559.998698,-11255.511493,-36807.623423,-34084.979783,-32372.836157,-20471.716877,-45315.412619,0.0
-8440.845721,-13550.320393,-11242.793351,-36793.474769,-34070.026466,-32359.15689,-20461.658592,-45303.946174,0.0
-8430.675677,-13552.555567,-11242.748647,-36788.020943,-34070.764073,-32356.027646,-20452.159101,-45295.273697,0.0
-8433.246128,-13559.708126,-11252.449304,-36794.860577,-34081.135283,-32365.348323,-20458.752866,-45300.191081,0.0
-8415.856471,-13535.009448,-11225.202528,-36772.195908,-34060.482271,-32344.672959,-20436.177604,-45281.773243,0.0
-8413.688351,-13532.059018,-11221.380379,-36771.413597,-34059.431739,-32341.99075,-20443.732493,-45284.321342,0.0
-8426.205328,-13540.999715,-11233.472673,-36781.494234,-34064.818509,-32351.914925,-20456.718857,-45289.976333,0.0
-8428.976945,-13546.252375,-11239.395885,-36784.377609,-34067.120739,-32356.631143,-20456.741209,-45289.708112,0.0
-8428.641668,-13550.834483,-11245.408505,-36785.048161,-34078.274259,-32361.168547,-20455.444807,-45289.953982,0.0
-8427.814654,-13551.95207,-11246.637851,-36789.674972,-34085.449169,-32360.229774,-20457.702334,-45294.491386,0.0
-8417.935183,-13547.347611,-11241.76517,-36790.837263,-34077.782521,-32357.212288,-20453.120226,-45290.870403,0.0
-8434.006087,-13559.730477,-11249.409467,-36794.77117,-34078.564832,-32367.047056,-20454.282517,-45300.816929,0.0
-8436.129503,-13560.40103,-11246.548444,-36789.227937,-34073.490986,-32362.464948,-20458.797569,-45307.410694,0.0
-8435.861282,-13547.07939,-11233.651487,-36788.311516,-34071.345219,-32352.183146,-20458.708162,-45298.872328,0.0
-8437.023573,-13547.258204,-11236.534862,-36786.679839,-34071.255812,-32353.725416,-20454.818959,-45289.953982,0.0
-8433.447293,-13562.055059,-11253.343374,-36789.294993,-34073.759207,-32367.181166,-20457.232947,-45293.507909,0.0
-8440.510445,-13568.939396,-11262.060554,-36798.034525,-34079.972992,-32375.361905,-20466.933604,-45304.303802,0.0
-8443.058544,-13576.583693,-11267.89436,-36805.4106,-34087.460826,-32382.693277,-20470.46518,-45312.551595,0.0
-8434.564881,-13560.691602,-11246.928423,-36796.022868,-34078.073094,-32365.281268,-20463.066752,-45305.130816,0.0
-8431.837968,-13546.922928,-11233.785598,-36791.351353,-34076.664934,-32356.631143,-20463.513787,-45303.655601,0.0
-8421.958497,-13543.458407,-11231.371609,-36780.622516,-34064.215012,-32348.584515,-20450.99681,-45286.914144,0.0
-8422.785511,-13553.583748,-11242.52513,-36774.744007,-34062.248059,-32353.099567,-20439.865642,-45280.186269,0.0
-8422.852567,-13553.896672,-11246.459037,-36785.964583,-34075.994381,-32359.872146,-20448.314601,-45286.444758,0.0
-8431.48034,-13548.822826,-11241.11697,-36789.607917,-34077.223727,-32359.089835,-20454.729552,-45291.116272,0.0
-8452.669794,-13561.295099,-11246.146112,-36797.989821,-34081.515262,-32363.783701,-20467.112418,-45306.181348,0.0
-8457.855398,-13568.201788,-11251.778752,-36806.796409,-34088.690172,-32369.863375,-20475.449619,-45317.290165,0.0
-8456.782515,-13571.778068,-11258.7972,-36802.124894,-34086.902033,-32373.238489,-20470.643994,-45315.993764,0.0
-8454.748506,-13573.297986,-11261.635871,-36797.363972,-34081.627021,-32374.53489,-20470.867511,-45314.004459,0.0
-8444.757276,-13558.769352,-11248.850673,-36794.90528,-34078.788349,-32364.476605,-20468.565281,-45302.87329,0.0
-8440.845721,-13550.834483,-11243.128627,-36794.77117,-34073.6698,-32359.425111,-20463.871415,-45297.531223,0.0
-8445.807808,-13549.046343,-11240.938156,-36795.598185,-34076.508472,-32359.872146,-20467.470046,-45307.902432,0.0
-8447.014802,-13548.129922,-11239.597051,-36790.345525,-34081.403504,-32365.05775,-20471.716877,-45316.910185,0.0
-8456.715459,-13567.665347,-11259.758325,-36797.7216,-34086.298536,-32382.894442,-20474.779066,-45321.827569,0.0
-8446.992451,-13568.671175,-11260.33947,-36795.709943,-34078.92246,-32371.405646,-20459.266956,-45304.683781,0.0
-8447.640651,-13567.33007,-11260.518284,-36802.996612,-34084.666858,-32368.879899,-20460.429246,-45301.934517,0.0
-8426.36179,-13551.907367,-11246.704906,-36779.370818,-34069.735893,-32357.256992,-20448.202842,-45288.746987,0.0
-8429.088703,-13556.936509,-11251.443476,-36777.828548,-34068.841823,-32361.995561,-20450.527424,-45292.792653,0.0
-8447.88652,-13564.737268,-11260.227711,-36790.41258,-34079.30244,-32373.685524,-20461.815055,-45305.890775,0.0
-8451.127523,-13560.132809,-11258.998365,-36790.524339,-34077.827224,-32372.523233,-20460.652764,-45304.840243,0.0
-8449.093515,-13561.831541,-11263.133438,-36798.883891,-34089.092504,-32376.054809,-20465.570148,-45308.662392,0.0
-8454.368526,-13573.409745,-11274.30931,-36810.730316,-34097.541463,-32385.710762,-20477.461276,-45323.436895,0.0
-8439.571671,-13554.500169,-11253.29867,-36789.652621,-34076.821396,-32367.650553,-20459.132845,-45305.533148,0.0
-8420.527985,-13528.572146,-11229.002324,-36767.792614,-34057.598896,-32346.103471,-20436.870508,-45280.812118,0.0
-8423.679581,-13531.70139,-11232.600955,-36766.630324,-34052.972085,-32345.879954,-20434.478871,-45280.722711,0.0
-8427.412322,-13543.301945,-11247.107237,-36778.901431,-34068.104216,-32358.888669,-20440.87147,-45290.624534,0.0
-8426.875881,-13537.736361,-11245.98965,-36783.88587,-34071.456977,-32356.988771,-20440.804415,-45281.929705,0.0
-8421.176186,-13534.473006,-11246.88372,-36776.241574,-34061.957486,-32354.55243,-20431.997828,-45274.68774,0.0
-8426.182977,-13538.161044,-11246.660202,-36768.753739,-34056.704826,-32357.88284,-20434.21065,-45287.227069,0.0
-8439.526968,-13543.860739,-11247.509569,-36783.640001,-34070.227631,-32364.096625,-20451.153273,-45299.140549,0.0
-8448.802942,-13557.852931,-11261.077078,-36796.916937,-34082.856367,-32374.959573,-20462.932642,-45309.399999,0.0
-8453.340346,-13568.559416,-11274.733993,-36801.05201,-34087.773751,-32382.849739,-20467.157122,-45311.210491,0.0
-8430.228642,-13550.208634,-11260.384173,-36780.533109,-34071.076998,-32366.085931,-20442.570203,-45288.501118,0.0
-8418.091645,-13534.741227,-11245.252042,-36770.8101,-34061.801024,-32353.837175,-20430.768482,-45278.711054,0.0
-8423.858395,-13530.762616,-11244.357973,-36774.207565,-34066.673704,-32357.413454,-20434.747092,-45287.897621,0.0
-8430.228642,-13526.06875,-11240.334659,-36772.575888,-34064.103253,-32352.205497,-20434.344761,-45284.366046,0.0
-8419.05277,-13531.008486,-11246.593147,-36765.311571,-34059.968181,-32355.401797,-20432.333104,-45277.012322,0.0
-8430.809788,-13537.915175,-11255.824418,-36778.096769,-34060.72814,-32358.821614,-20437.295191,-45283.047293,0.0
-8432.843796,-13546.140617,-11261.322947,-36782.053027,-34063.566812,-32361.97321,-20440.312676,-45285.461281,0.0
-8419.991543,-13541.44675,-11255.6009,-36778.275583,-34059.074111,-32357.145233,-20437.094025,-45283.673141,0.0
-8421.019724,-13538.988058,-11254.393906,-36780.28724,-34064.259716,-32358.285172,-20434.456519,-45283.896659,0.0
-8419.656267,-13533.958916,-11250.571758,-36778.923783,-34061.62221,-32354.731244,-20425.828746,-45277.146432,0.0
-8407.318104,-13523.565355,-11241.698115,-36766.697379,-34047.495907,-32343.577724,-20417.379787,-45267.713996,0.0
-8414.135386,-13517.172756,-11233.1821,-36767.055007,-34045.238381,-32334.391157,-20421.13488,-45272.2514,0.0
-8415.409436,-13504.521668,-11220.62042,-36764.305742,-34040.052776,-32325.495163,-20417.893877,-45266.395243,0.0
-8418.292811,-13515.406968,-11230.209318,-36763.679893,-34049.351102,-32339.375596,-20424.666455,-45275.917086,0.0
-8413.218965,-13515.138747,-11232.891528,-36766.540917,-34047.875887,-32339.196782,-20426.454595,-45268.183383,0.0
-8428.66402,-13526.091102,-11248.090714,-36781.270716,-34062.315114,-32348.808032,-20432.914249,-45271.22322,0.0
-8432.910852,-13540.642088,-11261.971147,-36782.589469,-34070.764073,-32357.055826,-20430.433205,-45278.688702,0.0
-8409.8215,-13519.430282,-11242.323964,-36760.550649,-34056.078977,-32337.788622,-20413.334121,-45260.986121,0.0
-8405.21704,-13510.847212,-11237.540691,-36761.914106,-34050.938076,-32334.882895,-20415.636351,-45258.438022,0.0
-8399.942029,-13508.477927,-11233.360914,-36755.476803,-34045.99834,-32330.211381,-20411.65774,-45258.169801,0.0
-8406.401683,-13510.199012,-11234.344391,-36763.188155,-34045.975989,-32332.290093,-20412.596513,-45264.584752,0.0
-8422.092607,-13502.219439,-11230.052856,-36769.424292,-34048.434681,-32329.317311,-20418.787947,-45259.734423,0.0
-8415.521194,-13492.384671,-11221.603897,-36764.752777,-34045.886582,-32322.030642,-20418.586781,-45251.531333,0.0
-8405.015875,-13502.219439,-11224.822548,-36766.675027,-34046.020692,-32324.355224,-20420.084348,-45260.762603,0.0
-8406.826366,-13505.393387,-11223.794368,-36762.875231,-34034.666006,-32324.131706,-20420.084348,-45265.098842,0.0
-8419.94684,-13509.595514,-11231.528071,-36760.550649,-34043.114965,-32331.150154,-20421.112528,-45268.630417,0.0
-8422.0032,-13502.957046,-11230.23167,-36765.69155,-34049.775785,-32329.786698,-20419.86083,-45266.350539,0.0
-8425.870052,-13502.711177,-11238.926499,-36773.134681,-34059.074111,-32339.55441,-20425.560525,-45274.106595,0.0
-8428.641668,-13514.378788,-11248.94008,-36794.368839,-34064.527937,-32346.975189,-20441.542022,-45287.137662,0.0
-8441.940956,-13520.369055,-11247.084885,-36790.904318,-34060.057588,-32344.069462,-20445.565336,-45286.9812,0.0
-8424.126616,-13499.15725,-11232.131568,-36776.532147,-34047.562962,-32330.032567,-20431.193165,-45266.127022,0.0
-8422.114959,-13489.881276,-11223.526147,-36766.607972,-34036.141221,-32323.304692,-20421.380749,-45268.518659,0.0
-8423.545471,-13489.121317,-11224.554327,-36758.494289,-34040.946846,-32324.466982,-20422.475984,-45265.635284,0.0
-8425.1995,-13500.498354,-11234.143225,-36763.1211,-34046.467727,-32332.155983,-20424.778214,-45272.094938,0.0
-8423.903099,-13496.586799,-11232.802121,-36767.837318,-34046.7583,-32331.686596,-20425.292304,-45273.056063,0.0
-8432.8885,-13503.739357,-11246.615499,-36782.924745,-34064.19266,-32346.885782,-20441.25145,-45290.199851,0.0
-8443.796151,-13518.536212,-11257.836075,-36789.250289,-34074.340352,-32357.994599,-20453.053171,-45304.013229,0.0
-8462.61632,-13503.64995,-11250.21413,-36792.491292,-34074.541518,-32350.774986,-20456.338877,-45293.351447,0.0
-8447.104209,-13504.164041,-11245.788484,-36794.681763,-34064.863213,-32345.723491,-20454.438979,-45292.099749,0.0
-8458.995337,-13508.477927,-11236.959545,-36800.15794,-34055.810756,-32338.302712,-20461.859758,-45300.727522,0.0
-8461.72225,-13520.704331,-11251.7564,-36804.047144,-34070.607611,-32354.261858,-20467.961784,-45320.17354,0.0
-8457.922454,-13511.07073,-11243.843883,-36797.811007,-34068.104216,-32347.154003,-20463.156159,-45307.187177,0.0
-8457.274253,-13502.10768,-11242.078095,-36798.034525,-34067.590126,-32343.510669,-20459.423418,-45296.07836,0.0
-8458.190675,-13493.166982,-11238.501816,-36799.397981,-34067.232498,-32340.739052,-20462.507959,-45294.849014,0.0
-8464.560922,-13505.840421,-11250.21413,-36799.219167,-34066.047855,-32350.327951,-20462.77618,-45306.315459,0.0
-8470.908817,-13512.724759,-11259.177179,-36792.223071,-34078.833053,-32359.089835,-20467.425342,-45309.511758,0.0
-8458.034212,-13496.497392,-11249.901205,-36798.48156,-34077.559004,-32352.138442,-20464.18434,-45297.866499,0.0
-8462.191637,-13499.224305,-11247.77779,-36796.201682,-34069.512376,-32349.456233,-20462.932642,-45310.651697,0.0
-8449.831122,-13476.380822,-11229.672877,-36791.463112,-34056.034274,-32328.982035,-20451.220328,-45284.075473,0.0
-8459.621186,-13500.587761,-11239.731162,-36796.939289,-34060.482271,-32342.795413,-20462.195034,-45301.666296,0.0
-8463.733907,-13494.619846,-11237.741856,-36802.504874,-34067.277201,-32343.220096,-20461.032744,-45298.581755,0.0
-8468.00309,-13497.279703,-11246.637851,-36809.031583,-34075.346181,-32349.612695,-20467.827674,-45305.510796,0.0
-8470.126506,-13504.856945,-11258.104296,-36806.885815,-34082.990477,-32357.860489,-20469.727572,-45311.143435,0.0
-8471.154686,-13497.704386,-11249.901205,-36812.361993,-34083.884547,-32350.149137,-20472.163912,-45299.02879,0.0
-8475.580332,-13500.453651,-11251.108199,-36809.389211,-34079.727123,-32350.283247,-20470.711049,-45302.336848,0.0
-8448.869997,-13487.444936,-11241.586356,-36785.249327,-34068.998285,-32340.560238,-20450.259203,-45291.540955,0.0
-8461.07405,-13483.376918,-11241.966336,-36809.568025,-34075.368533,-32340.336721,-20461.144502,-45290.95981,0.0
-8457.162494,-13469.675299,-11231.840996,-36804.069496,-34065.958448,-32330.434898,-20453.790778,-45285.505984,0.0
-8459.129448,-13476.000843,-11241.943984,-36804.069496,-34068.104216,-32340.537887,-20460.742171,-45297.263002,0.0
-8466.572579,-13501.168907,-11259.020717,-36805.969394,-34083.035181,-32355.424148,-20472.834465,-45314.183273,0.0
-8473.568675,-13498.598456,-11256.763191,-36818.329909,-34090.366553,-32353.948933,-20476.455447,-45314.518549,0.0
-8465.544398,-13488.808392,-11255.824418,-36806.751705,-34086.007963,-32351.870221,-20465.72661,-45302.940345,0.0
-8455.776686,-13481.879351,-11241.519301,-36793.631231,-34063.075073,-32337.140422,-20446.571165,-45285.483633,0.0
-8468.360718,-13492.585837,-11249.722391,-36803.130722,-34073.245117,-32345.589381,-20454.662496,-45296.413636,0.0
-8466.147896,-13484.539209,-11251.354069,-36805.298842,-34078.184852,-32347.735148,-20452.114398,-45291.920935,0.0
-8464.940901,-13491.848229,-11253.477484,-36818.128743,-34078.386018,-32351.691407,-20464.340802,-45302.560366,0.0
-8476.742622,-13502.644122,-11256.62908,-36820.073345,-34082.074056,-32354.172451,-20472.253319,-45312.797464,0.0
-8459.576483,-13493.591665,-11256.606729,-36802.571929,-34078.274259,-32350.305599,-20462.664421,-45301.420427,0.0
-8427.524081,-13470.748183,-11240.491121,-36772.084149,-34062.583335,-32334.659378,-20440.87147,-45282.019112,0.0
-8407.876898,-13460.131104,-11238.121836,-36754.985065,-34058.045931,-32328.691462,-20424.331179,-45268.295141,0.0
-8399.31618,-13481.789944,-11258.03724,-36752.705187,-34068.998285,-32342.951875,-20421.470156,-45275.447699,0.0
-8395.158755,-13487.914322,-11252.002269,-36764.171632,-34057.062454,-32333.184163,-20418.095042,-45274.106595,0.0
-8388.43088,-13471.552845,-11238.166539,-36758.963675,-34052.078015,-32320.778945,-20409.288455,-45261.991949,0.0
-8376.785621,-13444.931918,-11223.05676,-36749.911219,-34046.534782,-32311.055936,-20401.353586,-45245.228141,0.0
-8396.701026,-13453.470284,-11233.360914,-36754.515678,-34051.362759,-32324.17641,-20410.76367,-45262.841316,0.0
-8406.736959,-13441.668563,-11214.563097,-36764.126928,-34048.926419,-32312.665261,-20419.167926,-45261.813135,0.0
-8426.451197,-13446.228319,-11219.145205,-36781.248365,-34053.709692,-32319.259026,-20431.282572,-45268.183383,0.0
-8443.058544,-13449.648136,-11226.364818,-36784.310554,-34057.978875,-32324.17641,-20438.993924,-45273.994836,0.0
-8445.427828,-13457.739467,-11233.271507,-36783.461187,-34059.051759,-32326.389232,-20436.289362,-45277.437005,0.0
-8447.88652,-13461.807485,-11234.702019,-36797.58749,-34067.612477,-32328.512648,-20440.044456,-45285.349522,0.0
-8444.913738,-13461.114581,-11238.032429,-36794.860577,-34068.774768,-32331.328968,-20436.959915,-45285.997723,0.0
-8453.295643,-13473.832723,-11248.515397,-36795.017039,-34075.07796,-32339.822631,-20444.559508,-45293.820833,0.0
-8451.842779,-13473.542151,-11247.822493,-36800.15794,-34075.413236,-32337.25218,-20445.453578,-45294.625496,0.0
-8459.531779,-13467.373069,-11243.530958,-36800.672031,-34076.128492,-32336.35811,-20437.764578,-45293.820833,0.0
-8452.155704,-13463.327403,-11241.11697,-36795.240557,-34070.808777,-32333.519439,-20432.15429,-45292.703246,0.0
-8447.931224,-13459.840531,-11234.724371,-36798.056876,-34065.958448,-32327.193895,-20436.535232,-45291.138624,0.0
-8454.815561,-13454.990203,-11234.433798,-36802.035487,-34075.368533,-32328.244427,-20442.14552,-45287.003551,0.0
-8454.860265,-13466.054316,-11244.179159,-36804.404772,-34081.850538,-32339.263837,-20442.637258,-45289.708112,0.0
-8445.517235,-13460.399325,-11235.35022,-36796.112275,-34065.377303,-32328.177372,-20433.473043,-45281.393264,0.0
-8436.151855,-13449.759895,-11231.170443,-36786.992763,-34061.62221,-32319.013157,-20421.894839,-45269.233915,0.0
-8438.431732,-13462.656851,-11241.184025,-36788.020943,-34061.845727,-32326.188067,-20423.079481,-45277.995798,0.0
-8446.701878,-13463.685031,-11241.385191,-36793.430065,-34066.36078,-32329.362014,-20429.963819,-45289.797519,0.0
-8428.641668,-13430.470339,-11215.948905,-36775.638077,-34049.216992,-32309.156037,-20412.507106,-45269.479784,0.0
-8426.562956,-13438.42756,-11224.017885,-36773.849937,-34045.752471,-32312.084116,-20408.349682,-45262.371929,0.0
-8430.429808,-13460.46638,-11238.032429,-36784.846995,-34056.682474,-32321.807125,-20413.043548,-45269.211563,0.0
-8450.456971,-13464.132066,-11239.060609,-36798.190987,-34067.277201,-32321.583607,-20425.202897,-45276.408824,0.0
-8457.140143,-13467.753049,-11245.028525,-36800.135589,-34071.076998,-32324.891666,-20426.745168,-45281.996761,0.0
-8448.64648,-13464.959081,-11243.93329,-36786.590432,-34074.318001,-32325.785735,-20423.370054,-45283.673141,0.0
-8438.878767,-13451.570386,-11236.020772,-36788.49033,-34066.003152,-32321.538904,-20417.200973,-45273.257229,0.0
-8435.548357,-13441.24388,-11228.6894,-36787.08217,-34051.072186,-32315.839209,-20409.400214,-45263.713034,0.0
-8432.441465,-13446.273022,-11233.003286,-36782.924745,-34054.089672,-32321.382442,-20408.617903,-45268.898638,0.0
-8441.963308,-13455.5937,-11237.943022,-36785.338734,-34056.88364,-32324.17641,-20418.45267,-45280.543897,0.0
-8446.321898,-13454.342002,-11233.56208,-36789.00442,-34061.085768,-32320.46602,-20421.112528,-45280.342732,0.0
-8432.396761,-13442.741447,-11225.135472,-36773.514661,-34052.14507,-32310.631253,-20401.912379,-45264.025958,0.0
-8435.32484,-13462.098058,-11246.816665,-36781.784806,-34068.663009,-32331.977169,-20410.026063,-45278.420481,0.0
-8443.170302,-13461.49456,-11241.608708,-36790.323173,-34063.253887,-32328.378538,-20418.989112,-45281.460319,0.0
-8451.149875,-13456.465418,-11238.166539,-36796.715772,-34058.738835,-32324.198761,-20420.531383,-45277.280543,0.0
-8450.859302,-13457.270081,-11237.764208,-36794.63706,-34059.901125,-32322.276511,-20418.229153,-45276.498231,0.0
-8443.751448,-13459.684069,-11239.731162,-36787.551557,-34062.918611,-32321.87418,-20415.636351,-45274.17365,0.0
-8438.699953,-13467.395421,-11244.894415,-36790.859615,-34062.27041,-32327.149192,-20415.815165,-45281.147394,0.0
-8456.760163,-13481.857,-11255.690307,-36809.724487,-34075.346181,-32338.883858,-20430.142633,-45296.793615,0.0
-8447.484189,-13480.202971,-11256.360859,-36793.854748,-34074.206242,-32339.867334,-20422.498336,-45288.434063,0.0
-8434.229605,-13463.237996,-11240.334659,-36778.476748,-34065.869041,-32327.417413,-20408.729662,-45273.346636,0.0
-8438.78936,-13465.294357,-11239.082961,-36785.964583,-34059.387035,-32326.143363,-20409.467269,-45276.744101,0.0
-8435.369543,-13465.160247,-11238.345353,-36784.623478,-34055.47548,-32323.215285,-20408.483792,-45269.524487,0.0
-8447.931224,-13484.472154,-11253.119856,-36790.122007,-34067.478367,-32336.514573,-20419.72672,-45287.852918,0.0
-8442.902081,-13474.168,-11242.458074,-36781.270716,-34059.521146,-32326.344529,-20410.11547,-45279.068682,0.0
-8441.09159,-13472.446915,-11243.419199,-36782.72358,-34060.683436,-32326.09866,-20410.562505,-45276.297066,0.0
-8447.953576,-13484.270988,-11252.605766,-36795.754647,-34069.020637,-32335.531096,-20421.090176,-45287.987028,0.0
-8438.65525,-13468.133029,-11238.613574,-36784.288202,-34055.698997,-32321.047166,-20403.499353,-45269.524487,0.0
-8430.541567,-13456.2419,-11231.550423,-36770.452472,-34049.105233,-32313.224055,-20389.23894,-45255.375833,0.0
-8421.422055,-13465.942558,-11238.948851,-36765.535088,-34051.340407,-32318.074384,-20389.417754,-45263.02013,0.0
-8435.257785,-13486.841439,-11251.666993,-36784.534071,-34064.974971,-32331.396023,-20407.567371,-45285.126005,0.0
-8433.693163,-13471.530494,-11237.473635,-36779.728446,-34057.531841,-32318.521418,-20398.447859,-45271.267923,0.0
-8433.179073,-13466.635462,-11236.914842,-36781.248365,-34058.649428,-32318.02968,-20398.269045,-45267.110499,0.0
-8442.991488,-13480.538247,-11251.7564,-36791.485464,-34066.830166,-32331.440727,-20407.43326,-45276.0959,0.0
-8436.420075,-13476.917264,-11246.570795,-36779.504929,-34058.716483,-32325.852791,-20397.732603,-45270.977351,0.0
-8429.602793,-13479.018328,-11245.699077,-36772.017094,-34060.236402,-32326.165715,-20394.424545,-45272.877249,0.0
-8422.561994,-13478.124258,-11242.882758,-36769.737216,-34056.36955,-32320.935407,-20391.183542,-45268.183383,0.0
-8429.155759,-13478.52659,-11242.793351,-36780.756626,-34060.996361,-32321.538904,-20394.87158,-45268.988045,0.0
-8428.462854,-13472.424563,-11234.45615,-36779.706094,-34054.827279,-32314.855732,-20393.664586,-45265.501173,0.0
-8433.961384,-13468.244787,-11228.287068,-36777.47092,-34045.528954,-32310.005404,-20387.629615,-45258.907409,0.0
-8440.912776,-13474.324462,-11237.585394,-36790.613746,-34059.923477,-32320.46602,-20394.648063,-45256.046385,0.0
-8442.097419,-13480.180619,-11247.442513,-36796.492254,-34073.982724,-32333.698253,-20401.934731,-45267.89281,0.0
-8420.371523,-13467.864808,-11233.919708,-36769.558402,-34054.492003,-32317.716756,-20380.678222,-45257.186324,0.0
-8414.82829,-13467.082497,-11229.024676,-36768.552574,-34050.446338,-32314.676918,-20378.107772,-45250.525504,0.0
-8410.492052,-13455.616052,-11215.054836,-36764.328094,-34042.39971,-32302.897549,-20371.536359,-45247.597426,0.0
-8404.300619,-13444.797807,-11208.528126,-36755.230934,-34035.73889,-32294.96268,-20361.209853,-45239.506094,0.0
-8413.241316,-13449.983412,-11215.904202,-36763.389321,-34044.903105,-32302.942253,-20368.518873,-45244.199961,0.0
-8437.023573,-13469.94352,-11231.751589,-36791.887795,-34060.974009,-32318.968453,-20389.61892,-45267.713996,0.0
-8449.495846,-13486.282645,-11248.671859,-36803.130722,-34073.446283,-32334.726433,-20400.459516,-45280.253325,0.0
-8440.510445,-13483.108697,-11244.134455,-36791.239594,-34068.841823,-32331.552485,-20396.346795,-45276.230011,0.0
-8425.154796,-13468.758877,-11230.455188,-36776.398036,-34056.50366,-32318.700232,-20383.71806,-45261.299045,0.0
-8417.354037,-13455.705459,-11216.932382,-36770.541879,-34045.752471,-32304.216302,-20365.903719,-45244.311719,0.0
-8413.889517,-13446.563595,-11205.845917,-36770.43012,-34040.946846,-32294.269776,-20360.114617,-45234.722821,0.0
-8410.492052,-13448.664659,-11208.416368,-36768.686684,-34048.434681,-32299.96947,-20369.323536,-45237.449734,0.0
-8428.440503,-13460.958119,-11222.229746,-36782.231841,-34061.443396,-32313.894607,-20378.174827,-45254.57117,0.0
-8427.25586,-13452.755028,-11212.372626,-36782.321248,-34051.809794,-32302.942253,-20365.501388,-45248.849124,0.0
-8431.547395,-13468.02127,-11224.353161,-36779.147301,-34056.302495,-32312.598206,-20375.939652,-45257.141621,0.0
-8424.752465,-13465.428467,-11222.743836,-36774.185213,-34054.402596,-32310.094811,-20365.65785,-45239.684908,0.0
-8425.735942,-13474.190351,-11234.545557,-36789.786731,-34066.49489,-32320.957759,-20381.237016,-45248.759717,0.0
-8418.985715,-13468.110677,-11225.336638,-36783.394132,-34058.269448,-32311.435915,-20383.382783,-45254.57117,0.0
-8431.905023,-13464.802619,-11218.608763,-36782.567118,-34052.815622,-32307.725526,-20380.588815,-45256.426365,0.0
-8432.128541,-13465.272005,-11224.062589,-36779.728446,-34055.564887,-32314.743974,-20367.870673,-45256.336958,0.0
-8409.866203,-13455.928976,-11220.62042,-36770.877155,-34050.759262,-32309.871293,-20349.51989,-45242.970615,0.0
-8399.115014,-13454.386706,-11214.630153,-36763.7693,-34048.635846,-32303.523398,-20356.203062,-45232.957033,0.0
-8397.997427,-13446.518892,-11203.990722,-36757.466108,-34037.683491,-32291.76638,-20351.375085,-45223.032859,0.0
-8405.507613,-13444.484883,-11201.599086,-36764.01517,-34035.35891,-32292.034601,-20352.358562,-45236.578016,0.0
-8424.886575,-13457.404191,-11215.457167,-36774.744007,-34050.692207,-32305.535055,-20362.685068,-45249.720842,0.0
-8422.047904,-13466.277834,-11223.43674,-36779.616687,-34068.305381,-32318.16379,-20374.553844,-45254.682929,0.0
-8400.657284,-13461.114581,-11221.961525,-36773.782882,-34061.644561,-32314.453401,-20362.416847,-45245.228141,0.0
-8381.971226,-13438.651078,-11203.83426,-36759.455414,-34044.411367,-32294.225072,-20333.605448,-45216.394391,0.0
-8395.695197,-13439.567499,-11199.319208,-36754.068643,-34037.482326,-32289.754723,-20328.308085,-45212.147559,0.0
-8413.129558,-13450.251633,-11209.332789,-36763.724597,-34050.625151,-32301.847017,-20333.001951,-45218.070771,0.0
-8406.468738,-13446.898871,-11207.231725,-36765.959771,-34054.894335,-32303.456343,-20340.221565,-45217.936661,0.0
-8403.741825,-13448.5529,-11211.836184,-36762.74112,-34051.854497,-32306.406773,-20352.246803,-45216.103818,0.0
-8392.342435,-13452.553863,-11217.200603,-36760.908277,-34053.910858,-32310.385383,-20352.649135,-45229.648975,0.0
-8391.537773,-13455.481941,-11220.329847,-36766.853841,-34058.336503,-32311.838247,-20349.743408,-45236.220388,0.0
-8381.323025,-13446.831816,-11210.450376,-36755.230934,-34054.134375,-32307.122029,-20336.488823,-45222.9211,0.0
-8388.587342,-13441.020362,-11207.902277,-36755.007417,-34052.681512,-32305.780924,-20329.604486,-45213.756885,0.0
-8388.520287,-13441.422694,-11212.216164,-36756.46028,-34056.950695,-32308.485485,-20334.588925,-45218.808379,0.0
-8385.525153,-13437.0194,-11208.483423,-36757.957847,-34053.396768,-32307.434953,-20329.224507,-45212.974574,0.0
-8403.004218,-13449.044639,-11219.167557,-36770.765396,-34065.019675,-32319.460192,-20338.88046,-45214.494492,0.0
-8406.312276,-13458.275909,-11225.35899,-36768.396112,-34066.450187,-32324.399927,-20334.410111,-45211.029972,0.0
-8399.539697,-13458.789999,-11226.856557,-36765.42333,-34065.891393,-32327.596227,-20339.618068,-45222.094085,0.0
-8360.670014,-13448.79877,-11211.724426,-36751.811117,-34053.41912,-32312.106468,-20325.849393,-45213.667478,0.0
-8384.228752,-13452.576214,-11217.222955,-36756.817908,-34056.526012,-32314.162828,-20319.79207,-45209.577109,0.0
-8374.483392,-13439.45574,-11205.085958,-36743.183344,-34052.681512,-32308.150209,-20318.294503,-45202.581013,0.0
-8375.757441,-13438.226394,-11205.667103,-36757.197888,-34063.387998,-32308.977224,-20317.311027,-45197.708332,0.0
-8366.615578,-13424.681237,-11192.524277,-36733.259169,-34048.322922,-32294.023906,-20301.776564,-45186.040722,0.0
-8370.124801,-13433.823101,-11198.268676,-36738.243608,-34049.731082,-32297.421372,-20303.698814,-45182.55385,0.0
-8364.805086,-13428.190461,-11196.79346,-36750.335902,-34053.396768,-32301.109409,-20307.878591,-45178.396425,0.0
-8367.308482,-13431.520871,-11196.882867,-36747.519582,-34048.434681,-32297.130799,-20297.820306,-45179.558716,0.0
-8368.850752,-13422.602525,-11183.114193,-36744.41269,-34048.099404,-32285.35143,-20297.216808,-45177.390597,0.0
-8373.276397,-13432.14672,-11187.137507,-36747.921914,-34047.540611,-32289.866482,-20299.295521,-45176.273009,0.0
-8356.289072,-13443.233185,-11198.313379,-36737.930684,-34040.142183,-32296.057915,-20284.744535,-45173.948428,0.0
-8354.098601,-13450.296336,-11208.19285,-36746.424347,-34060.303457,-32311.771192,-20295.629835,-45175.200126,0.0
-8357.093734,-13434.650115,-11196.189963,-36741.73048,-34067.344256,-32304.506875,-20289.974843,-45161.140878,0.0
-8350.522322,-13430.537394,-11190.110289,-36737.23778,-34059.387035,-32295.812046,-20288.723146,-45160.090346,0.0
-8339.279394,-13421.328476,-11173.055908,-36717.858817,-34034.241323,-32276.500139,-20287.382041,-45149.495619,0.0
-8364.08983,-13444.909566,-11198.022806,-36734.913198,-34047.227686,-32293.509816,-20300.726032,-45165.745338,0.0
-8335.300784,-13437.935822,-11195.564115,-36731.09105,-34060.571678,-32290.067648,-20284.029279,-45153.34012,0.0
-8358.434839,-13449.536377,-11206.13649,-36764.417501,-34090.411257,-32307.636119,-20305.44225,-45170.170983,0.0
-8359.172447,-13450.139874,-11204.080129,-36758.606047,-34077.111969,-32303.433991,-20293.729936,-45160.358567,0.0
-8353.271586,-13457.717116,-11206.181193,-36749.888867,-34063.656218,-32307.949043,-20298.535561,-45167.377015,0.0
-8367.844923,-13478.794811,-11224.241403,-36752.906353,-34062.069245,-32327.529171,-20310.650207,-45188.097082,0.0
-8353.338641,-13469.541188,-11215.188946,-36732.834486,-34067.254849,-32321.650663,-20297.932064,-45176.92121,0.0
-8339.927595,-13456.711287,-11200.079167,-36729.660538,-34082.051704,-32312.709965,-20286.107991,-45167.712291,0.0
-8302.309609,-13454.900796,-11195.139431,-36724.787858,-34067.992457,-32308.686651,-20280.609462,-45164.761861,0.0
-8342.386287,-13470.859941,-11206.091786,-36737.707166,-34068.864175,-32322.276511,-20302.290654,-45178.262315,0.0
-8351.52815,-13475.643215,-11205.287123,-36745.507925,-34063.075073,-32330.479602,-20317.266323,-45186.443053,0.0
-8336.887757,-13476.850209,-11204.34835,-36730.867533,-34057.26362,-32328.132669,-20297.060346,-45187.828861,0.0
-8331.92567,-13487.802564,-11218.273487,-36757.309646,-34095.70862,-32337.676863,-20285.660957,-45180.452786,0.0
-8326.427141,-13505.840421,-11235.99842,-36751.833469,-34103.531731,-32350.484413,-20284.521018,-45189.169966,0.0
-8333.557347,-13507.650913,-11237.317173,-36741.506963,-34093.160521,-32357.659323,-20292.187666,-45197.238946,0.0
-8318.224051,-13488.964854,-11212.618496,-36736.589579,-34078.833053,-32350.149137,-20286.73384,-45182.598553,0.0
-8322.359124,-13509.707273,-11239.261775,-36748.100728,-34093.607556,-32378.558204,-20295.719242,-45200.077617,0.0
-8343.637984,-13534.808282,-11266.642662,-36749.754757,-34108.002079,-32407.168437,-20303.408242,-45216.975536,0.0
-8328.841129,-13517.798605,-11254.013926,-36731.582788,-34091.014754,-32394.830274,-20295.808649,-45204.033876,0.0
-8313.261964,-13518.133881,-11247.598976,-36737.617759,-34096.625042,-32393.600928,-20313.019492,-45213.44396,0.0
-8311.764397,-13518.044474,-11244.045048,-36731.761602,-34095.038068,-32397.266614,-20331.929068,-45226.877359,0.0
-8323.566118,-13531.410817,-11257.14317,-36756.639094,-34105.18576,-32406.542588,-20319.27798,-45216.349687,0.0
-8299.917972,-13534.115378,-11268.587264,-36758.360178,-34116.696908,-32416.980853,-20310.627855,-45203.720952,0.0
-8240.30587,-13518.804433,-11254.863293,-36724.94432,-34101.318908,-32403.122771,-20283.045802,-45185.1243,0.0
-8321.912089,-13542.474931,-11265.860351,-36739.070623,-34101.274204,-32417.941978,-20305.82223,-45211.186434,0.0
-8341.156941,-13555.438942,-11277.773831,-36749.978274,-34106.996251,-32434.75049,-20325.961152,-45229.917196,0.0
-8299.89562,-13530.114416,-11257.612557,-36741.864591,-34107.890321,-32425.049832,-20313.064195,-45225.156274,0.0
-8294.978237,-13529.488567,-11261.054726,-36744.122117,-34108.113838,-32432.247094,-20318.942704,-45225.580958,0.0
-8294.531202,-13552.399105,-11289.597903,-36753.64396,-34117.009833,-32441.321902,-20316.998102,-45214.248623,0.0
-8276.918027,-13540.127997,-11282.534752,-36731.269864,-34102.771771,-32428.849629,-20302.581227,-45194.132053,0.0
-8297.101652,-13569.811114,-11307.121671,-36756.817908,-34136.209981,-32463.316019,-20339.126329,-45222.40701,0.0
-8280.896638,-13568.201788,-11313.178994,-36755.856783,-34145.173031,-32478.805778,-20349.788111,-45230.632452,0.0
-8270.883056,-13554.366059,-11296.929276,-36733.326224,-34124.452963,-32465.059455,-20331.102053,-45216.215577,0.0
-8272.268864,-13550.298041,-11289.217924,-36733.728556,-34120.362594,-32456.319923,-20333.784262,-45207.923079,0.0
-8261.58473,-13559.663422,-11303.657151,-36740.657597,-34129.392699,-32469.842728,-20338.36637,-45209.08537,0.0
-8287.512754,-13565.139599,-11315.57063,-36773.134681,-34144.994217,-32482.851444,-20357.633574,-45222.474065,0.0
-8278.125021,-13557.025916,-11311.59202,-36761.154146,-34131.471411,-32474.201319,-20346.703571,-45207.297231,0.0
-8269.474896,-13551.214463,-11298.113918,-36742.781012,-34127.671615,-32477.397618,-20345.40717,-45205.419684,0.0
-8276.158068,-13579.601178,-11331.686238,-36752.951056,-34138.199286,-32503.370345,-20360.472245,-45232.420591,0.0
-8264.713975,-13590.709995,-11350.484055,-36760.997684,-34147.832888,-32513.249816,-20370.91051,-45246.390432,0.0
-8226.336029,-13551.929718,-11314.095415,-36729.258207,-34128.833905,-32488.081752,-20351.352734,-45206.537271,0.0
-8229.711143,-13544.240718,-11302.651322,-36730.487553,-34127.001062,-32488.305269,-20363.601489,-45195.920193,0.0
-8225.978401,-13556.802399,-11320.622125,-36739.428251,-34125.659958,-32499.682307,-20365.948423,-45192.388617,0.0
-8272.425326,-13568.961748,-11339.241128,-36768.150242,-34151.140946,-32506.790162,-20368.183597,-45189.617001,0.0
-8257.09203,-13587.111364,-11364.38684,-36753.241629,-34151.029188,-32517.13902,-20355.219585,-45192.969762,0.0
-8245.022088,-13623.611763,-11402.205992,-36754.806251,-34170.005819,-32551.784224,-20377.124295,-45223.681059,0.0
-8242.272823,-13602.869344,-11383.207009,-36750.671178,-34146.804708,-32542.105918,-20384.410964,-45202.491606,0.0
-8247.369021,-13589.011263,-11370.757088,-36743.988007,-34121.703699,-32533.053462,-20392.815219,-45200.256431,0.0
-8248.710126,-13591.02292,-11369.192465,-36741.395204,-34122.642472,-32534.819249,-20399.833667,-45219.791856,0.0
-8195.624732,-13585.233818,-11371.181771,-36720.496323,-34131.806687,-32543.491726,-20365.881367,-45203.676248,0.0
-8208.253468,-13589.23478,-11379.25075,-36756.97437,-34177.918336,-32538.574343,-20346.100074,-45183.157347,0.0
-8223.363247,-13583.043347,-11383.274064,-36748.145431,-34168.955287,-32536.339168,-20357.007725,-45166.885277,0.0
-8240.551739,-13557.517655,-11362.218721,-36775.235745,-34182.746313,-32530.974749,-20421.872487,-45201.351667,0.0
-8241.46816,-13572.001585,-11370.53357,-36770.228955,-34171.592792,-32548.811442,-20437.116377,-45225.603309,0.0
-8240.127056,-13644.041257,-11437.521748,-36763.411673,-34166.518946,-32585.289488,-20415.211667,-45213.488664,0.0
-8219.80932,-13611.005379,-11409.693826,-36748.704225,-34156.035978,-32565.843471,-20412.663569,-45202.379847,0.0
-8225.687829,-13619.521394,-11428.469292,-36721.770373,-34124.676481,-32593.447875,-20455.73538,-45235.773353,0.0
-8223.13973,-13632.865385,-11429.743341,-36702.704335,-34110.416068,-32576.952288,-20445.073598,-45234.946339,0.0
-8236.573128,-13614.916934,-11420.869699,-36781.628344,-34184.422694,-32563.943573,-20436.065845,-45218.517806,0.0
-8262.009413,-13624.349371,-11449.032897,-36806.707002,-34199.867749,-32594.431352,-20432.936601,-45194.556736,0.0
-8247.056096,-13654.434819,-11476.123211,-36791.887795,-34179.617069,-32608.535303,-20426.745168,-45190.801643,0.0
-8203.000808,-13635.592298,-11454.397315,-36729.660538,-34127.403394,-32591.793846,-20430.857889,-45213.242795,0.0
-8212.880279,-13620.303705,-11433.967821,-36714.059021,-34147.184688,-32587.547015,-20451.868528,-45243.41765,0.0
-8230.895785,-13624.438777,-11434.906594,-36739.875286,-34150.582153,-32598.968756,-20440.379732,-45223.05521,0.0
-8231.923965,-13620.23665,-11434.280745,-36756.683797,-34154.985446,-32599.214625,-20462.418552,-45206.112588,0.0
-8241.937547,-13646.790522,-11474.759755,-36803.465999,-34212.362374,-32611.619843,-20479.092953,-45238.2991,0.0
-8252.085239,-13657.429952,-11485.600351,-36814.865388,-34217.659738,-32614.570274,-20485.485552,-45238.634376,0.0
-8229.487625,-13614.291086,-11444.406086,-36781.941269,-34172.956249,-32587.010573,-20488.011299,-45231.392411,0.0
-8217.909422,-13629.222051,-11462.801571,-36749.79946,-34150.716263,-32605.718983,-20486.22316,-45240.847199,0.0
-8252.286405,-13699.183011,-11533.455435,-36794.234728,-34213.234092,-32656.658609,-20507.725538,-45236.510961,0.0
-8249.268919,-13686.710738,-11530.840281,-36812.496103,-34230.310825,-32648.433167,-20500.662386,-45227.883187,0.0
-8232.460407,-13654.32306,-11499.570191,-36774.498138,-34186.456703,-32622.683957,-20485.97729,-45225.603309,0.0
-8245.714992,-13649.003345,-11484.750984,-36755.722672,-34159.276981,-32623.533323,-20504.462183,-45243.819981,0.0
-8264.110477,-13673.791429,-11504.912258,-36797.811007,-34210.931863,-32639.984207,-20526.836279,-45256.851048,0.0
-8255.974442,-13668.069383,-11500.732482,-36783.863519,-34181.04758,-32631.088213,-20529.160861,-45251.978368,0.0
-8255.594463,-13673.92554,-11502.051234,-36734.93555,-34135.405318,-32636.363225,-20566.197701,-45284.053121,0.0
-8259.774239,-13659.531016,-11496.172726,-36801.342583,-34218.553808,-32639.403062,-20527.171555,-45244.892865,0.0
-8261.025937,-13685.324929,-11526.682857,-36816.318252,-34226.578084,-32659.519632,-20522.857669,-45242.925911,0.0
-8247.436076,-13671.578607,-11505.739272,-36787.015115,-34188.915394,-32643.649893,-20540.716713,-45258.862705,0.0
-8247.749001,-13665.945967,-11496.48565,-36783.438836,-34198.034906,-32636.854963,-20538.861518,-45250.436097,0.0
-8255.035669,-13672.271511,-11508.644999,-36794.77117,-34214.48579,-32640.475946,-20531.84307,-45230.006603,0.0
-8272.268864,-13682.754479,-11522.838357,-36801.543749,-34205.522741,-32654.579896,-20548.919803,-45242.456525,0.0
-8275.442812,-13682.776831,-11518.479767,-36809.791542,-34207.601453,-32657.843251,-20573.596129,-45276.855859,0.0
-8283.534143,-13690.443479,-11519.619706,-36801.700211,-34202.728772,-32656.613905,-20557.838149,-45273.056063,0.0
-8284.875248,-13693.952703,-11526.951078,-36768.530222,-34176.398418,-32661.643048,-20556.765265,-45262.371929,0.0
-8267.038556,-13674.551389,-11509.851993,-36762.495251,-34174.744388,-32654.445786,-20564.633079,-45270.575019,0.0
-8267.619701,-13662.973185,-11490.629493,-36779.951963,-34180.354676,-32643.784004,-20572.791466,-45265.657635,0.0
-8265.026899,-13657.78758,-11483.588694,-36726.73246,-34133.416013,-32641.548829,-20615.438594,-45285.371874,0.0
-8250.833541,-13689.862334,-11523.911241,-36766.607972,-34208.272005,-32666.828652,-20585.53196,-45279.202793,0.0
-8234.852044,-13686.241351,-11526.571098,-36814.530112,-34247.521668,-32648.433167,-20521.293047,-45227.27969,0.0
-8220.681038,-13670.997461,-11503.459394,-36768.999609,-34213.122334,-32630.596474,-20544.851785,-45201.597536,0.0
-8207.38175,-13663.174351,-11498.542011,-36734.957902,-34192.648136,-32631.445841,-20562.576719,-45216.416742,0.0
-8195.915305,-13679.200551,-11515.439929,-36727.872399,-34186.523758,-32649.193126,-20568.0976,-45238.053231,0.0
-8194.015407,-13648.511606,-11489.333092,-36737.126021,-34183.953307,-32633.032815,-20541.722541,-45223.993984,0.0
-8209.616924,-13661.050935,-11496.887982,-36744.815021,-34184.623859,-32634.709195,-20564.230748,-45236.041574,0.0
-8235.008506,-13683.313272,-11516.713979,-36768.150242,-34199.62188,-32650.713044,-20573.86435,-45246.50219,0.0
-8238.227157,-13661.989708,-11489.333092,-36752.10169,-34183.908604,-32634.306864,-20583.542655,-45225.536254,0.0
-8267.664405,-13676.294825,-11501.805365,-36748.994797,-34214.128162,-32652.903515,-20618.277266,-45254.235894,0.0
-8276.716861,-13672.271511,-11499.905467,-36782.611821,-34229.193238,-32646.309751,-20623.038187,-45249.899656,0.0
-8260.355384,-13658.30167,-11477.084336,-36762.942286,-34207.981432,-32614.972605,-20597.06546,-45209.554757,0.0
-8257.315547,-13662.414391,-11476.480839,-36760.863574,-34202.304089,-32617.185428,-20604.195667,-45239.416687,0.0
-8283.400033,-13673.500857,-11482.582865,-36768.440815,-34198.236072,-32631.579951,-20589.130591,-45240.623682,0.0
-8273.252341,-13667.443534,-11484.706281,-36774.431083,-34216.78802,-32639.715986,-20606.609655,-45214.963879,0.0
-8257.561416,-13658.569891,-11474.647996,-36766.295048,-34207.802618,-32627.109602,-20655.895252,-45265.143545,0.0
-8272.514733,-13666.214188,-11469.596502,-36762.048216,-34200.65006,-32617.945387,-20649.703819,-45260.114403,0.0
-8274.951074,-13669.052859,-11469.797667,-36742.222219,-34183.550976,-32622.907474,-20643.847661,-45267.758699,0.0
-8279.577885,-13680.698118,-11481.62174,-36734.779088,-34163.680275,-32633.166925,-20645.635801,-45296.681857,0.0
-8284.584675,-13678.641758,-11473.485705,-36773.11233,-34203.578139,-32632.07169,-20659.627993,-45285.57304,0.0
-8281.94717,-13659.06163,-11446.820074,-36775.638077,-34216.318633,-32613.072707,-20654.867071,-45269.345673,0.0
-8283.444736,-13669.075211,-11461.348708,-36768.552574,-34223.96293,-32625.41087,-20651.380199,-45267.445775,0.0
-8266.502114,-13670.304557,-11466.869589,-36757.980199,-34203.645194,-32622.505143,-20630.347208,-45262.550743,0.0
-8261.607082,-13676.630101,-11468.881246,-36743.026882,-34184.422694,-32626.014367,-20674.022516,-45268.295141,0.0
-8270.570132,-13682.575665,-11468.769487,-36729.012338,-34175.102016,-32624.606207,-20690.763973,-45271.87142,0.0
-8273.587617,-13673.679671,-11450.753981,-36745.82085,-34186.523758,-32607.127143,-20686.695956,-45279.403958,0.0
-8272.961768,-13667.465886,-11440.829806,-36755.454451,-34207.17677,-32600.511026,-20668.166359,-45267.848106,0.0
-8277.990911,-13671.399793,-11444.696658,-36753.822774,-34201.722944,-32609.541131,-20680.996261,-45264.450641,0.0
-8285.322283,-13673.836133,-11446.037763,-36750.738233,-34201.074743,-32612.692727,-20686.49479,-45272.38551,0.0
-8274.481687,-13676.965377,-11444.160216,-36759.880097,-34224.834648,-32614.346756,-20711.953427,-45270.127984,0.0
-8295.469975,-13695.785546,-11466.668423,-36784.310554,-34234.401194,-32633.792774,-20744.855195,-45247.39626,0.0
-8301.728463,-13688.811802,-11459.985251,-36779.840205,-34228.366223,-32630.328254,-20735.44511,-45292.055046,0.0
-8299.090958,-13682.553313,-11451.871568,-36760.841222,-34211.289491,-32620.046451,-20695.144915,-45300.392246,0.0
-8295.000588,-13684.408508,-11451.804513,-36763.612838,-34201.611185,-32620.225265,-20679.878674,-45289.663409,0.0
-8283.690606,-13674.104354,-11441.053324,-36761.511774,-34199.063086,-32612.446858,-20687.232397,-45288.344656,0.0
-8275.085184,-13665.99067,-11430.995039,-36735.762565,-34206.908549,-32607.73064,-20730.326561,-45266.775223,0.0
-8276.381585,-13659.240444,-11423.686018,-36723.871437,-34194.346868,-32598.432314,-20683.209083,-45238.16499,0.0
-8292.5866,-13687.269531,-11448.764676,-36757.175536,-34214.955177,-32623.175695,-20699.972892,-45262.438984,0.0
-8302.086091,-13703.988636,-11455.090219,-36779.728446,-34227.829782,-32631.959931,-20783.076678,-45299.40877,0.0
-8289.680873,-13683.514438,-11423.663667,-36760.997684,-34206.729735,-32601.114524,-20764.032991,-45267.37872,0.0
-8299.76151,-13671.802124,-11409.984399,-36747.519582,-34198.414886,-32590.005707,-20740.675418,-45243.127077,0.0
-8281.991873,-13653.987784,-11400.998998,-36733.616797,-34183.774493,-32581.735561,-20721.497622,-45246.859818,0.0
-8278.102669,-13664.31429,-11411.481966,-36742.758661,-34191.5529,-32588.664602,-20719.083633,-45242.434173,0.0
-8274.995777,-13672.584435,-11415.170004,-36746.290236,-34192.044639,-32592.799675,-20709.494735,-45235.236911,0.0
-8289.502059,-13683.715604,-11419.327428,-36750.715882,-34209.411944,-32602.098,-20748.722046,-45281.259153,0.0
-8297.772205,-13676.831267,-11418.701579,-36739.472954,-34219.313767,-32601.829779,-20749.839634,-45271.938476,0.0
-8279.935513,-13670.349261,-11413.381864,-36723.513809,-34209.970738,-32594.453704,-20727.085558,-45253.721804,0.0
-8275.778088,-13661.855598,-11397.132146,-36735.539047,-34192.558729,-32578.025172,-20727.040854,-45231.772391,0.0
-8283.824716,-13660.6039,-11388.459669,-36746.759623,-34190.345906,-32572.772512,-20728.337256,-45244.423478,0.0
-8293.413614,-13681.055746,-11403.234172,-36742.602198,-34199.420714,-32586.250613,-20736.987381,-45254.95115,0.0
-8307.897545,-13691.695177,-11420.288553,-36745.195001,-34211.401249,-32603.863788,-20751.180738,-45263.15424,0.0
-8286.506925,-13654.948909,-11382.849381,-36722.999719,-34184.981487,-32563.831814,-20685.444258,-45212.125207,0.0
-8258.433134,-13644.756513,-11370.01948,-36718.998756,-34184.333287,-32557.37216,-20690.741621,-45213.712181,0.0
-8263.462277,-13651.394981,-11372.813448,-36732.365099,-34193.676316,-32560.903735,-20749.817282,-45211.477007,0.0
-8315.765359,-13679.982862,-11396.171021,-36743.049233,-34207.266177,-32579.858015,-20761.104913,-45241.853028,0.0
-8295.089995,-13680.407546,-11397.087443,-36749.553591,-34196.246767,-32575.007686,-20738.64141,-45242.858856,0.0
-8281.746004,-13673.389098,-11381.03889,-36749.41948,-34172.218641,-32555.58402,-20732.695846,-45234.029917,0.0
-8293.525373,-13677.457115,-11378.870771,-36724.519637,-34166.250726,-32553.460604,-20719.03893,-45223.681059,0.0
-8302.756644,-13696.47845,-11398.137975,-36750.939399,-34183.774493,-32573.353657,-20749.929041,-45241.741269,0.0
-8301.102615,-13671.779772,-11359.737678,-36736.231951,-34152.929086,-32537.300293,-20716.826107,-45209.733571,0.0
-8294.374739,-13661.766191,-11348.382991,-36733.683852,-34149.799842,-32523.732784,-20734.662799,-45201.731646,0.0
-8298.330998,-13673.009118,-11360.117657,-36742.11046,-34159.321685,-32533.768717,-20760.344954,-45237.941472,0.0
-8304.276562,-13673.277339,-11356.273157,-36746.245533,-34159.25463,-32529.477183,-20749.616116,-45236.265091,0.0
-8313.239612,-13661.833246,-11340.403419,-36750.380606,-34157.131214,-32517.183723,-20745.235174,-45232.465295,0.0
-8324.393132,-13644.935327,-11324.108997,-36748.614818,-34148.972827,-32500.889301,-20731.287686,-45212.236966,0.0
-8318.201699,-13637.939231,-11317.917564,-36731.158105,-34140.322702,-32493.624984,-20724.068072,-45201.686943,0.0
-8318.358161,-13662.749667,-11340.872805,-36737.796573,-34139.965074,-32504.510284,-20726.236192,-45217.601385,0.0
-8329.48933,-13681.145153,-11350.886387,-36762.428196,-34137.998121,-32507.52777,-20733.90284,-45223.926929,0.0
-8329.511682,-13671.62331,-11338.011782,-36756.572039,-34134.891228,-32495.7484,-20738.887279,-45212.616946,0.0
-8336.843054,-13658.100505,-11320.510366,-36748.883039,-34124.564722,-32483.499644,-20734.618096,-45217.221405,0.0
-8331.098656,-13644.421237,-11307.971037,-36748.301893,-34116.786315,-32477.487025,-20729.879526,-45223.859873,0.0
-8330.428103,-13641.739028,-11305.400587,-36754.02394,-34118.239178,-32476.212976,-20723.576334,-45215.388562,0.0
-8353.226883,-13650.99265,-11315.05654,-36755.901486,-34124.609426,-32478.626964,-20727.376131,-45210.001792,0.0
-8344.174426,-13650.366801,-11314.430692,-36751.766414,-34119.960263,-32475.63183,-20714.188601,-45207.587803,0.0
-8326.203624,-13636.173443,-11294.962322,-36734.354405,-34104.202283,-32460.298533,-20707.12545,-45222.898748,0.0
-8332.30565,-13637.67101,-11296.504592,-36747.094899,-34114.685251,-32462.354894,-20738.194375,-45221.423533,0.0
-8333.870272,-13643.840092,-11296.169316,-36748.681873,-34111.690117,-32457.035179,-20720.178869,-45184.99019,0.0
-8337.267737,-13639.906185,-11296.437537,-36742.11046,-34114.305271,-32457.057531,-20696.910703,-45193.483853,0.0
-8327.43297,-13635.078208,-11292.816555,-36736.924855,-34105.074001,-32452.318961,-20688.752316,-45211.991097,0.0
-8317.821719,-13639.928536,-11300.05852,-36738.601236,-34102.972937,-32453.59301,-20694.228493,-45201.128149,0.0
-8317.240574,-13633.982972,-11290.58138,-36733.616797,-34096.937966,-32440.360777,-20687.634729,-45161.967893,0.0
-8319.006362,-13627.143339,-11280.925427,-36731.046347,-34093.160521,-32433.051757,-20691.345118,-45164.404233,0.0
-8332.015077,-13640.040295,-11288.100337,-36742.155164,-34088.287841,-32445.032292,-20694.116735,-45212.751056,0.0
-8357.317252,-13658.949871,-11302.941895,-36761.265905,-34113.098277,-32467.80872,-20709.360624,-45234.186379,0.0
-8360.871179,-13661.989708,-11308.283962,-36771.950039,-34137.193458,-32472.636696,-20706.052566,-45226.586786,0.0
-8350.723487,-13651.618499,-11298.628008,-36764.082225,-34126.509324,-32457.683379,-20689.624034,-45201.284611,0.0
-8325.086036,-13636.061685,-11282.847677,-36741.149335,-34101.721239,-32439.198487,-20674.335441,-45190.980457,0.0
-8329.645792,-13621.242478,-11264.362784,-36733.996777,-34094.725143,-32426.435641,-20663.316031,-45189.415835,0.0
-8323.655525,-13619.968429,-11262.284072,-36731.851009,-34089.628946,-32421.741774,-20655.045885,-45167.44407,0.0
-8323.879042,-13637.648658,-11276.477429,-36736.589579,-34090.746533,-32435.935132,-20678.246996,-45150.076765,0.0
-8340.933423,-13627.255097,-11267.268511,-36746.290236,-34094.479274,-32439.578466,-20676.660022,-45181.212745,0.0
-8352.623386,-13639.97324,-11279.472563,-36756.795556,-34109.298481,-32450.329655,-20680.035136,-45223.681059,0.0
-8329.310516,-13644.443589,-11285.999273,-36750.894696,-34102.436495,-32442.126565,-20677.352926,-45199.719989,0.0
-8329.243461,-13643.393057,-11287.273322,-36747.430175,-34095.19453,-32429.855458,-20655.805845,-45174.060187,0.0
-8320.861557,-13633.021847,-11278.176162,-36724.340823,-34091.752361,-32423.887542,-20633.588211,-45163.197239,0.0
-8308.411635,-13627.724484,-11270.576569,-36716.920044,-34090.210091,-32425.228646,-20630.235449,-45169.053396,0.0
-8327.388266,-13632.373647,-11270.107182,-36739.830582,-34092.8923,-32435.890429,-20658.488054,-45182.352684,0.0
-8331.746856,-13635.882871,-11268.877836,-36746.804326,-34093.65226,-32439.10908,-20669.798037,-45176.451823,0.0
-8331.523339,-13640.956717,-11275.270435,-36745.44087,-34095.663917,-32443.870001,-20661.840816,-45175.960085,0.0
-8335.501949,-13634.295897,-11268.877836,-36747.810155,-34098.52494,-32436.270408,-20650.642592,-45191.740416,0.0
-8345.694345,-13642.990725,-11277.997348,-36749.933571,-34115.489914,-32444.093519,-20636.493938,-45194.132053,0.0
-8335.189025,-13644.398885,-11280.701909,-36741.574018,-34106.21394,-32444.987589,-20615.840926,-45164.068957,0.0
-8329.645792,-13629.892603,-11266.977938,-36742.512791,-34101.363611,-32436.091594,-20637.455063,-45171.892067,0.0
-8331.970374,-13623.231783,-11259.31129,-36749.531239,-34109.901978,-32430.123678,-20654.375333,-45194.08735,0.0
-8341.693382,-13633.915917,-11264.429839,-36750.425309,-34108.583225,-32430.90599,-20651.380199,-45183.403216,0.0
-8321.152129,-13620.795443,-11257.478447,-36725.369003,-34086.23148,-32429.900161,-20609.805955,-45153.943617,0.0
-8301.057911,-13612.927629,-11254.013926,-36707.308794,-34075.145015,-32424.111059,-20579.474637,-45139.683204,0.0
-8315.698304,-13627.813891,-11266.709717,-36720.809248,-34084.398637,-32426.81562,-20612.085833,-45158.548076,0.0
-8331.098656,-13637.045161,-11272.476467,-36745.910257,-34091.908823,-32435.242228,-20635.219888,-45174.61898,0.0
-8333.646754,-13639.235632,-11274.644586,-36751.542896,-34093.719315,-32430.637769,-20638.080911,-45179.335198,0.0
-8336.172502,-13638.967411,-11270.643624,-36753.733367,-34098.413181,-32427.955559,-20644.227641,-45193.014466,0.0
-8357.361955,-13643.773036,-11272.565874,-36756.259114,-34106.057478,-32432.738833,-20639.198499,-45197.283649,0.0
-8352.04224,-13632.843033,-11259.579511,-36744.859725,-34102.548254,-32425.943902,-20621.495917,-45183.962009,0.0
-8344.666164,-13614.22403,-11239.261775,-36736.678986,-34088.734876,-32412.689318,-20608.733071,-45175.200126,0.0
-8339.927595,-13620.907202,-11247.375458,-36736.902504,-34076.530823,-32422.099402,-20616.511478,-45180.005751,0.0
-8349.360031,-13638.453321,-11270.755383,-36755.745024,-34106.660975,-32439.667873,-20631.643609,-45184.520803,0.0
-8341.045182,-13641.873138,-11275.382194,-36752.369911,-34121.882513,-32436.784498,-20608.017815,-45177.100024,0.0
-8344.621461,-13649.562138,-11277.50561,-36749.464184,-34108.024431,-32430.52601,-20594.49501,-45178.910515,0.0
-8354.232711,-13649.517435,-11278.712604,-36748.972446,-34090.299498,-32440.628998,-20625.563935,-45182.620905,0.0
-8338.117103,-13629.222051,-11259.288938,-36736.276655,-34072.708675,-32427.307359,-20614.61158,-45167.287608,0.0
-8333.825568,-13629.669086,-11254.863293,-36743.853896,-34091.48414,-32420.825353,-20622.099414,-45176.92121,0.0
-8339.011173,-13639.392095,-11258.148999,-36759.991856,-34106.21394,-32419.484248,-20634.839908,-45182.464443,0.0
-8341.782789,-13640.889661,-11260.138304,-36753.196925,-34098.189664,-32420.132449,-20622.188821,-45179.804585,0.0
-8359.820647,-13637.827472,-11261.680575,-36754.40392,-34099.888396,-32431.375376,-20617.249086,-45178.575239,0.0
-8369.029566,-13663.599034,-11285.261665,-36767.211469,-34112.472428,-32450.553173,-20633.185879,-45198.602402,0.0
-8357.004327,-13664.180179,-11276.812706,-36755.342693,-34098.748457,-32433.409385,-20626.480356,-45202.201033,0.0
-8345.068496,-13649.472731,-11260.965319,-36751.766414,-34094.188701,-32421.182981,-20619.305446,-45201.418722,0.0
-8346.744877,-13635.659353,-11251.510531,-36750.268847,-34095.283937,-32420.735946,-20617.517307,-45198.848271,0.0
-8364.961548,-13651.350278,-11266.821476,-36763.724597,-34109.454943,-32437.812679,-20614.09749,-45205.218518,0.0
-8355.283243,-13642.633097,-11251.666993,-36756.102652,-34099.195492,-32415.192713,-20590.069364,-45189.438187,0.0
-8346.074324,-13630.473749,-11239.105313,-36749.374777,-34098.301422,-32401.781666,-20600.798202,-45189.102911,0.0
-8351.036412,-13639.056818,-11252.359897,-36748.637169,-34095.060419,-32423.932245,-20619.908943,-45193.416797,0.0
-8355.909092,-13643.102484,-11263.602825,-36744.837373,-34079.168329,-32431.55419,-20617.517307,-45199.809396,0.0
-8368.023737,-13653.384287,-11276.656243,-36765.468033,-34093.562853,-32442.774766,-20626.502708,-45208.504225,0.0
-8381.077156,-13674.484333,-11290.022587,-36776.912126,-34123.715356,-32456.632847,-20630.12369,-45214.673306,0.0
-8382.261799,-13670.773944,-11278.466735,-36775.459263,-34130.30912,-32444.831126,-20619.081929,-45216.483798,0.0
-8365.229769,-13647.79635,-11253.455133,-36761.84705,-34110.013736,-32420.624187,-20606.207324,-45200.189376,0.0
-8353.986842,-13638.43097,-11248.783618,-36749.620646,-34086.410294,-32417.673757,-20587.945949,-45195.137882,0.0
-8353.048069,-13658.055801,-11270.84479,-36759.2766,-34089.025448,-32424.535742,-20593.288016,-45202.29044,0.0
-8344.86733,-13648.757475,-11265.145095,-36747.541934,-34079.503605,-32415.617396,-20573.350259,-45187.784158,0.0
-8349.22592,-13650.523263,-11268.050822,-36745.932608,-34090.053629,-32422.144106,-20581.955681,-45189.907573,0.0
-8355.88674,-13656.24531,-11268.073174,-36755.119175,-34101.587129,-32422.032347,-20596.864295,-45203.922117,0.0
-8365.632101,-13649.852711,-11258.506627,-36757.756681,-34102.928233,-32417.696109,-20595.232617,-45204.190338,0.0
-8382.842944,-13649.919766,-11261.814685,-36772.039446,-34113.701774,-32431.375376,-20604.597998,-45220.797684,0.0
-8390.464889,-13669.32108,-11282.937084,-36784.355257,-34135.874705,-32453.414196,-20615.50565,-45238.835542,0.0
-8384.228752,-13648.153978,-11260.607691,-36766.719731,-34112.718298,-32434.929304,-20590.047013,-45191.740416,0.0
-8372.382328,-13637.872176,-11247.241348,-36761.511774,-34090.590071,-32424.580446,-20602.83221,-45189.058207,0.0
-8375.019833,-13666.348298,-11275.695118,-36771.234783,-34095.641565,-32438.59499,-20620.087757,-45216.394391,0.0
-8359.463019,-13662.52615,-11278.712604,-36756.0803,-34099.106085,-32430.190734,-20586.42603,-45208.772446,0.0
-8338.005345,-13646.835225,-11268.430801,-36753.688664,-34100.760114,-32418.657234,-20572.433838,-45194.243812,0.0
-8346.253138,-13657.608766,-11271.157714,-36751.855821,-34102.436495,-32419.685414,-20574.244329,-45195.696675,0.0
-8373.879894,-13663.621386,-11277.997348,-36759.008379,-34110.684289,-32426.279178,-20583.855579,-45205.419684,0.0
-8364.112182,-13656.7594,-11274.465772,-36753.196925,-34102.592957,-32426.212123,-20584.190856,-45209.554757,0.0
-8368.627235,-13653.473694,-11265.346261,-36754.783899,-34093.540501,-32426.837972,-20586.381326,-45214.762713,0.0
-8374.885723,-13645.203548,-11251.912862,-36755.409748,-34090.746533,-32420.333614,-20581.866274,-45214.919175,0.0
-8375.980958,-13634.072379,-11241.362839,-36759.522469,-34092.825245,-32415.595045,-20579.854617,-45220.730629,0.0
-8389.794337,-13651.037353,-11262.708755,-36776.934478,-34103.174103,-32429.743699,-20575.987765,-45223.524597,0.0
-8381.233618,-13665.677746,-11281.730089,-36773.291144,-34115.44521,-32431.822411,-20580.502818,-45218.070771,0.0
-8382.842944,-13672.316214,-11284.144078,-36770.787748,-34117.836847,-32434.862248,-20580.033431,-45201.821053,0.0
-8369.096621,-13664.850731,-11276.008043,-36769.983085,-34108.51617,-32434.102289,-20581.530998,-45200.904632,0.0
-8360.312386,-13656.290013,-11268.095525,-36754.180402,-34103.084696,-32423.015824,-20569.818684,-45202.42455,0.0
-8364.626272,-13651.640851,-11263.736935,-36743.451565,-34095.999193,-32416.645577,-20545.924669,-45188.812338,0.0
-8368.269607,-13662.839074,-11273.14702,-36767.971428,-34100.246024,-32425.765088,-20554.798312,-45208.347763,0.0
-8388.766156,-13669.365784,-11273.929331,-36774.252269,-34111.287786,-32430.861286,-20555.580623,-45229.134885,0.0
-8397.14806,-13666.325947,-11268.386098,-36773.849937,-34115.154638,-32431.733004,-20574.579605,-45234.700469,0.0
-8389.101432,-13652.803141,-11260.47358,-36771.301838,-34095.216882,-32421.138277,-20587.096582,-45217.981364,0.0
-8369.945987,-13662.660261,-11273.996386,-36759.544821,-34092.534672,-32425.675681,-20567.829379,-45209.398295,0.0
-8371.376499,-13662.704964,-11267.044993,-36762.517603,-34090.008925,-32420.177152,-20563.448437,-45221.401181,0.0
-8395.538735,-13662.235577,-11257.992537,-36773.805234,-34095.730972,-32419.864228,-20575.92071,-45228.441981,0.0
-8395.963418,-13668.739935,-11269.168409,-36777.739141,-34102.078867,-32424.692205,-20578.111181,-45228.374926,0.0
-8404.300619,-13687.448345,-11296.593999,-36782.589469,-34117.300405,-32439.913743,-20585.621367,-45244.624644,0.0
-8382.954703,-13670.706889,-11282.5124,-36762.405844,-34107.063306,-32423.48521,-20561.749704,-45225.312737,0.0
-8364.380403,-13654.144246,-11260.942967,-36754.850954,-34082.76696,-32406.341422,-20546.908146,-45205.486739,0.0
-8402.624238,-13673.947891,-11272.968206,-36774.475786,-34089.360725,-32423.082879,-20571.673879,-45231.995908,0.0
-8404.345322,-13658.636947,-11253.633947,-36769.290181,-34088.958393,-32407.570768,-20569.148132,-45228.889016,0.0
-8401.081967,-13658.413429,-11250.504702,-36773.827585,-34094.881605,-32402.407515,-20558.978088,-45238.857894,0.0
-8409.530927,-13684.319101,-11279.42786,-36778.432045,-34100.626004,-32418.634882,-20582.089792,-45257.499249,0.0
-8395.248162,-13676.384232,-11271.269473,-36771.19008,-34079.637716,-32411.996414,-20579.787562,-45236.667423,0.0
-8397.952723,-13673.098525,-11270.576569,-36784.221147,-34087.237309,-32418.09844,-20576.680669,-45237.472086,0.0
-8409.843851,-13672.51738,-11268.140229,-36788.669144,-34098.860216,-32418.277254,-20575.741896,-45245.652824,0.0
-8405.798186,-13664.31429,-11259.601862,-36781.918917,-34093.607556,-32408.397783,-20572.97028,-45247.217446,0.0
-8397.416281,-13669.656357,-11259.601862,-36776.755664,-34089.628946,-32402.228701,-20566.778847,-45240.824847,0.0
-8403.115976,-13676.74186,-11269.57074,-36775.571022,-34085.650335,-32405.559111,-20565.638908,-45229.470161,0.0
-8393.616485,-13673.456153,-11280.433688,-36771.167728,-34073.938021,-32411.079992,-20563.023754,-45218.316641,0.0
-8395.292866,-13670.818647,-11276.477429,-36756.0803,-34060.102291,-32407.190789,-20547.511643,-45217.333164,0.0
-8396.410453,-13674.394926,-11276.164505,-36762.294085,-34072.686323,-32412.264635,-20548.49512,-45235.594539,0.0
-8404.479433,-13685.771964,-11283.317063,-36781.561289,-34094.836902,-32421.94294,-20560.16273,-45252.447754,0.0
-8412.660171,-13681.525133,-11276.946816,-36774.386379,-34094.926309,-32415.215065,-20546.818739,-45253.073603,0.0
-8408.256877,-13680.988691,-11280.411336,-36775.146338,-34090.992402,-32418.009033,-20554.932422,-45250.525504,0.0
-8404.300619,-13678.977034,-11277.349147,-36779.884908,-34083.191643,-32413.22576,-20578.87114,-45246.345728,0.0
-8401.394892,-13677.144191,-11269.704851,-36777.560327,-34081.090579,-32399.077105,-20566.711791,-45240.668385,0.0
-8398.958552,-13670.662185,-11263.602825,-36778.543804,-34078.453073,-32396.283137,-20551.177329,-45238.969653,0.0
-8413.666,-13676.540694,-11274.30931,-36787.283336,-34081.068227,-32410.454143,-20565.862425,-45253.230065,0.0
-8416.527023,-13679.625235,-11272.990557,-36784.064684,-34083.102236,-32412.286986,-20573.014983,-45262.64015,0.0
-8429.044,-13690.242313,-11283.585284,-36783.975277,-34085.650335,-32416.3103,-20573.260852,-45264.04831,0.0
-8437.984698,-13699.406528,-11295.252895,-36794.458246,-34096.155655,-32422.389975,-20581.106315,-45266.305836,0.0
-8420.259764,-13678.79822,-11279.56197,-36784.243498,-34089.986573,-32411.482324,-20568.075248,-45255.331129,0.0
-8400.813747,-13649.696249,-11251.331717,-36768.351408,-34072.015771,-32390.114056,-20548.003381,-45242.545932,0.0
-8402.311313,-13669.522246,-11270.196589,-36771.19008,-34068.461844,-32402.631033,-20538.660352,-45236.622719,0.0
-8386.419223,-13674.886665,-11274.264607,-36756.795556,-34063.879736,-32399.770009,-20524.355236,-45221.736458,0.0
-8383.5582,-13668.471714,-11270.956549,-36760.729463,-34071.591088,-32399.479437,-20533.564154,-45221.825865,0.0
-8397.684502,-13671.802124,-11272.632929,-36776.398036,-34084.152768,-32403.458047,-20548.428064,-45232.040612,0.0
-8407.943953,-13687.694214,-11290.380214,-36781.941269,-34087.952565,-32415.997376,-20554.485387,-45247.91035,0.0
-8400.031435,-13669.32108,-11270.308348,-36771.950039,-34075.390884,-32401.558149,-20543.957716,-45241.62951,0.0
-8404.233563,-13665.297766,-11265.614482,-36772.262963,-34077.737817,-32402.072239,-20540.694361,-45244.624644,0.0
-8392.610656,-13661.274452,-11264.586301,-36767.971428,-34074.04978,-32397.400725,-20534.65939,-45235.974519,0.0
-8387.626217,-13663.666089,-11271.403583,-36763.277562,-34069.758245,-32399.613547,-20530.613724,-45229.626623,0.0
-8404.546488,-13679.535828,-11285.395775,-36767.34558,-34081.22469,-32413.985719,-20538.280372,-45243.93174,0.0
-8404.166508,-13679.736993,-11278.779659,-36771.994742,-34082.141111,-32413.248111,-20535.732274,-45244.870513,0.0
-8396.522212,-13665.051897,-11256.226749,-36766.138585,-34072.507509,-32393.466818,-20533.072416,-45240.646033,0.0
-8394.868183,-13650.344449,-11241.698115,-36763.411673,-34066.427835,-32375.272498,-20531.150166,-45236.779182,0.0
-8397.460985,-13645.2259,-11242.860406,-36763.791652,-34068.528899,-32387.677716,-20536.693399,-45247.418612,0.0
-8395.98577,-13666.102429,-11265.480371,-36763.7693,-34066.763111,-32405.357946,-20534.190003,-45244.758754,0.0
-8401.819575,-13692.477488,-11292.414223,-36775.123987,-34077.223727,-32417.651405,-20526.791576,-45236.935644,0.0
-8400.72434,-13683.268569,-11284.524057,-36770.385417,-34075.748512,-32406.877864,-20511.435927,-45227.011469,0.0
-8405.887593,-13687.247179,-11291.140174,-36777.381513,-34082.923422,-32411.95171,-20522.164765,-45237.494437,0.0
-8403.250087,-13683.223865,-11287.385081,-36776.263926,-34084.935079,-32410.074164,-20529.339675,-45243.283539,0.0
-8402.490127,-13684.252046,-11287.899171,-36772.531184,-34085.091541,-32412.689318,-20529.317323,-45245.608121,0.0
-8382.619427,-13678.909979,-11283.317063,-36759.254248,-34081.269393,-32408.844818,-20516.375663,-45235.259263,0.0
-8368.090793,-13669.119915,-11275.471601,-36753.733367,-34075.279126,-32401.736963,-20505.847991,-45227.547911,0.0
-8375.779793,-13685.615502,-11288.212095,-36757.980199,-34083.191643,-32414.320995,-20514.632227,-45241.964786,0.0
-8330.472807,-13662.190874,-11263.021679,-36713.634338,-34050.625151,-32385.04021,-20481.216369,-45210.11355,0.0
-8319.140472,-13655.373592,-11260.942967,-36698.815131,-34042.220896,-32381.598041,-20471.761581,-45206.447864,0.0
-8323.409656,-13649.696249,-11257.120819,-36704.604233,-34044.634884,-32381.508634,-20471.225139,-45208.548928,0.0
-8323.320249,-13636.64283,-11244.268566,-36711.10859,-34042.958503,-32370.69039,-20470.219311,-45197.641277,0.0
-8328.058818,-13633.6924,-11245.073228,-36721.546855,-34050.200468,-32373.707875,-20473.572072,-45198.043608,0.0
-8348.465961,-13632.753626,-11239.306478,-36739.763527,-34058.604724,-32375.496015,-20481.775162,-45209.442998,0.0
-8378.707871,-13648.355144,-11253.701002,-36761.601181,-34070.808777,-32385.464893,-20497.823715,-45233.538179,0.0
-8391.560124,-13661.520322,-11266.195627,-36768.37376,-34068.752416,-32393.355059,-20500.885904,-45235.058097,0.0
-8389.615523,-13667.220016,-11275.762174,-36765.915068,-34071.591088,-32400.485265,-20502.338767,-45230.028955,0.0
-8394.667017,-13674.149057,-11282.981787,-36768.150242,-34081.470559,-32405.939091,-20504.953921,-45229.648975,0.0
-8393.907058,-13684.877895,-11294.93997,-36768.954905,-34083.236347,-32410.744716,-20502.852857,-45231.861798,0.0
-8377.590284,-13671.466848,-11277.058575,-36752.504021,-34064.282067,-32392.773913,-20487.228988,-45221.490588,0.0
-8379.601941,-13665.275415,-11265.748592,-36753.50985,-34064.483233,-32390.829312,-20489.419459,-45222.474065,0.0
-8383.625255,-13660.402734,-11260.160656,-36764.193984,-34066.249021,-32392.975079,-20486.983119,-45222.764638,0.0
-8384.876953,-13665.789505,-11268.162581,-36763.724597,-34071.166405,-32397.60189,-20484.211503,-45226.944414,0.0
-8386.978017,-13660.73801,-11265.390964,-36753.666312,-34070.182928,-32392.170416,-20483.116267,-45224.172798,0.0
-8389.503764,-13662.52615,-11266.597958,-36762.629361,-34075.994381,-32391.812788,-20490.246474,-45232.755868,1.0
-8384.116993,-13658.324022,-11270.777735,-36749.41948,-34081.850538,-32397.959518,-20491.654633,-45237.181513,0.0
-8379.534886,-13656.446476,-11264.720412,-36761.645885,-34067.210146,-32392.617451,-20486.647843,-45232.91233,0.0
-8387.380348,-13674.797258,-11277.349147,-36765.445681,-34068.998285,-32399.457085,-20489.151238,-45232.331184,0.0
-8402.40072,-13684.453211,-11284.725223,-36768.731388,-34076.553175,-32408.911873,-20493.822753,-45238.768487,0.0
-8396.566915,-13680.318139,-11283.942912,-36755.163879,-34072.440454,-32405.603815,-20483.071564,-45234.164027,0.0
-8407.608677,-13681.10045,-11283.585284,-36772.307667,-34074.273297,-32405.849684,-20497.24257,-45246.323376,0.0
-8408.346284,-13671.042165,-11270.643624,-36774.721655,-34071.971067,-32397.065448,-20493.465125,-45243.775278,0.0
-8395.650494,-13670.528075,-11267.603787,-36757.309646,-34062.896259,-32391.723381,-20475.404915,-45228.598443,0.0
-8388.408528,-13669.768115,-11265.815647,-36757.35435,-34061.979838,-32394.919681,-20474.734363,-45227.369097,0.0
-8392.945933,-13670.349261,-11269.05665,-36771.659466,-34069.467672,-32393.667983,-20488.14541,-45227.458504,0.0
-8382.731185,-13670.572778,-11274.68929,-36764.752777,-34063.946791,-32390.359925,-20475.382564,-45219.166007,0.0
-8369.521304,-13660.492141,-11262.842865,-36736.634283,-34055.721349,-32377.753541,-20458.261127,-45207.341934,0.0
-8379.981921,-13662.973185,-11262.909921,-36743.65273,-34063.253887,-32382.290945,-20468.453523,-45217.601385,0.0
-8406.133462,-13688.878857,-11289.03911,-36783.684705,-34081.403504,-32409.336556,-20494.135677,-45242.992967,0.0
-8402.825404,-13686.509572,-11283.875857,-36778.387341,-34078.900108,-32406.430829,-20492.615758,-45237.963824,0.0
-8405.507613,-13677.032432,-11278.556142,-36769.312533,-34073.088655,-32401.178169,-20488.815962,-45238.187341,0.0
-8393.907058,-13658.480484,-11261.702926,-36746.424347,-34060.325809,-32384.883748,-20471.828636,-45226.989118,0.0
-8379.646645,-13654.83715,-11248.716563,-36736.030786,-34048.009997,-32372.545585,-20451.622659,-45220.954146,0.0
-8388.363825,-13670.773944,-11261.032374,-36754.560382,-34054.871983,-32376.32303,-20459.155197,-45222.317603,0.0
-8398.42211,-13679.669938,-11271.448287,-36771.078321,-34065.198489,-32387.789474,-20470.867511,-45222.429362,0.0
-8396.87984,-13680.094621,-11272.051784,-36764.305742,-34059.565849,-32388.728248,-20481.126962,-45221.021202,0.0
-8407.698084,-13690.063499,-11280.254874,-36768.709036,-34062.583335,-32396.216082,-20488.972424,-45231.146542,0.0
-8395.181107,-13678.41824,-11266.463848,-36755.342693,-34055.34137,-32381.57569,-20477.170703,-45224.955109,0.0
-8381.367729,-13667.77881,-11252.292842,-36754.426271,-34051.295704,-32368.857547,-20464.899595,-45212.192263,0.0
-8392.78947,-13679.021737,-11265.882703,-36764.305742,-34063.879736,-32381.7098,-20474.689659,-45224.46337,0.0
-8399.942029,-13688.498877,-11278.891418,-36763.881059,-34075.547347,-32391.857492,-20478.601215,-45237.874417,0.0
-8405.08293,-13678.395889,-11267.335566,-36772.508833,-34062.918611,-32386.247204,-20474.689659,-45235.594539,0.0
-8398.80209,-13675.646624,-11259.691269,-36762.070568,-34055.98957,-32379.653439,-20468.02884,-45222.183492,0.0
-8402.959514,-13688.185953,-11273.325833,-36773.045274,-34064.036198,-32386.694239,-20468.632337,-45221.736458,0.0
-8395.114052,-13676.540694,-11258.439572,-36759.433062,-34048.278218,-32372.567936,-20457.031781,-45215.969707,0.0
-8393.460023,-13679.982862,-11261.479409,-36752.034635,-34043.763166,-32371.807977,-20458.372886,-45217.914309,0.0
-8390.442537,-13678.731165,-11258.216054,-36744.323283,-34035.940055,-32369.036361,-20448.828691,-45212.907518,0.0
-8382.440613,-13670.684537,-11249.878854,-36744.479745,-34036.163573,-32360.296829,-20448.627525,-45208.05719,0.0
-8383.848773,-13665.118952,-11241.318135,-36750.335902,-34040.969198,-32350.886744,-20452.360267,-45205.374981,0.0
-8395.98577,-13678.082964,-11253.790409,-36747.296065,-34044.813698,-32360.654457,-20457.903499,-45210.538234,0.0
-8402.177203,-13685.414336,-11264.139267,-36751.453489,-34050.066358,-32372.925564,-20466.866549,-45224.888054,0.0
-8407.631029,-13686.800145,-11262.529941,-36762.070568,-34050.714558,-32373.909041,-20475.494322,-45235.505132,0.0
-8393.437671,-13673.366746,-11250.772923,-36756.97437,-34043.740814,-32363.806053,-20461.412723,-45223.993984,0.0
-8394.555258,-13679.804049,-11256.271452,-36765.199812,-34054.603762,-32371.048018,-20462.954994,-45227.234987,0.0
-8400.813747,-13686.218999,-11263.871046,-36753.219277,-34054.492003,-32370.668038,-20456.964726,-45218.718972,0.0
-8411.654343,-13702.178145,-11275.158677,-36770.608934,-34060.772843,-32377.328858,-20464.45256,-45225.35744,0.0
-8405.418206,-13692.052804,-11265.905054,-36770.698341,-34049.284047,-32367.158814,-20461.658592,-45217.713144,0.0
-8402.221906,-13694.712662,-11266.173275,-36767.300876,-34048.322922,-32368.052884,-20461.345668,-45214.650955,0.0
-8403.339494,-13700.345302,-11275.404546,-36766.920896,-34055.810756,-32377.150044,-20456.383581,-45220.507112,0.0
-8404.792357,-13691.73988,-11265.659185,-36761.154146,-34044.277256,-32370.377466,-20453.589613,-45222.205844,0.0
-8392.744767,-13677.054784,-11246.861368,-36740.545838,-34031.290893,-32356.497032,-20445.498281,-45206.090236,0.0
-8394.778776,-13684.095583,-11260.808857,-36754.15805,-34037.169401,-32368.678733,-20457.635278,-45215.925004,0.0
-8401.171374,-13680.474601,-11259.803028,-36766.026827,-34044.389015,-32365.460082,-20458.328182,-45226.653841,0.0
-8401.283133,-13676.853618,-11254.080982,-36758.851917,-34033.481363,-32358.531041,-20450.594479,-45217.444923,0.0
-8407.608677,-13689.705871,-11262.507589,-36767.367931,-34042.623227,-32365.616544,-20452.762598,-45215.477969,0.0
-8416.258802,-13688.476525,-11257.701964,-36771.234783,-34046.110099,-32363.224907,-20458.216424,-45217.176702,0.0
-8407.340456,-13674.998423,-11245.542615,-36762.629361,-34042.287951,-32352.764291,-20453.902537,-45211.052324,0.0
-8392.834174,-13668.650528,-11240.982859,-36757.644922,-34039.650445,-32348.763329,-20445.542985,-45201.441074,0.0
-8404.635895,-13686.576627,-11257.925482,-36775.951001,-34044.545477,-32364.454253,-20452.069694,-45213.801588,0.0
-8414.962401,-13693.058633,-11262.686403,-36779.504929,-34049.775785,-32371.495053,-20459.468121,-45226.050344,0.0
-8417.532851,-13687.828325,-11258.305461,-36765.69155,-34044.746643,-32367.427035,-20454.751903,-45226.162103,0.0
-8412.615468,-13676.652453,-11245.408505,-36755.141527,-34032.676701,-32353.121919,-20444.760674,-45209.778274,0.0
-8406.24522,-13679.625235,-11247.978955,-36770.497176,-34044.59018,-32358.620448,-20454.796607,-45207.878376,0.0
-8413.710703,-13685.861371,-11252.516359,-36772.508833,-34047.317093,-32362.509651,-20460.429246,-45216.953184,0.0
-8426.987639,-13685.883723,-11252.27049,-36782.455359,-34040.902143,-32359.15689,-20466.643031,-45220.127132,0.0
-8418.493976,-13684.497915,-11250.392944,-36776.509795,-34036.275332,-32354.395968,-20456.584746,-45208.124245,0.0
-8398.086834,-13659.598072,-11229.315249,-36758.986027,-34025.390032,-32335.352282,-20439.485662,-45191.382789,0.0
-8389.70493,-13645.941156,-11215.635981,-36751.185268,-34021.545532,-32324.466982,-20431.103758,-45188.767634,0.0
-8394.398796,-13665.789505,-11234.791426,-36757.421405,-34029.189829,-32340.090852,-20437.675171,-45198.691809,0.0
-8403.630066,-13681.033394,-11250.124723,-36767.524394,-34037.325864,-32355.290038,-20445.408874,-45207.341934,0.0
-8421.042075,-13683.872066,-11252.002269,-36781.293068,-34047.093576,-32360.721512,-20456.271822,-45215.835597,0.0
-8426.920584,-13693.170392,-11260.294766,-36790.770208,-34053.530878,-32366.823538,-20465.301927,-45223.30108,0.0
-8414.582421,-13680.988691,-11247.442513,-36781.181309,-34038.68932,-32352.384311,-20445.542985,-45205.263222,0.0
-8402.490127,-13675.959548,-11242.793351,-36767.077359,-34028.206352,-32345.254105,-20434.881203,-45198.110664,0.0
-8402.557183,-13669.723412,-11236.490159,-36759.745986,-34028.496924,-32339.889686,-20438.122206,-45196.367228,0.0
-8412.615468,-13677.859447,-11242.078095,-36770.608934,-34038.264637,-32347.7575,-20445.006543,-45205.486739,0.0
-8401.059616,-13674.037298,-11240.558176,-36766.764434,-34031.223837,-32347.533983,-20443.106645,-45199.787044,0.0
-8405.284095,-13679.580531,-11245.252042,-36768.843146,-34034.107212,-32350.998503,-20441.944354,-45200.390542,0.0
-8407.474566,-13673.679671,-11239.373534,-36767.703207,-34034.487192,-32345.812898,-20441.966706,-45195.24964,0.0
-8413.710703,-13678.977034,-11245.207339,-36772.911164,-34038.376396,-32353.144271,-20448.42636,-45205.330277,0.0
-8412.995447,-13676.294825,-11242.413371,-36769.647809,-34037.929361,-32350.149137,-20446.682924,-45207.654859,0.0
-8413.107206,-13668.784638,-11235.618441,-36773.693475,-34036.38709,-32343.801241,-20442.704313,-45203.631545,0.0
-8416.795244,-13677.814743,-11243.598013,-36778.946135,-34044.59018,-32352.093739,-20449.633354,-45212.236966,0.0
-8404.993523,-13669.522246,-11234.277336,-36767.278524,-34034.420137,-32343.287151,-20440.156214,-45205.62085,0.0
-8414.649476,-13676.294825,-11242.100446,-36777.60503,-34041.595047,-32352.406663,-20447.465235,-45213.756885,0.0
-8424.126616,-13678.150019,-11243.888586,-36784.824644,-34043.316131,-32354.641837,-20447.465235,-45214.20392,0.0
-8425.579479,-13684.721432,-11248.560101,-36789.496158,-34047.428852,-32357.569916,-20447.800511,-45214.71801,0.0
-8407.921601,-13677.725336,-11242.994516,-36776.71096,-34041.12566,-32350.797337,-20440.089159,-45204.391504,0.0
-8395.561087,-13663.151999,-11229.672877,-36758.628399,-34022.484305,-32334.30175,-20425.001732,-45184.185527,0.0
-8399.562049,-13662.593205,-11229.002324,-36757.242591,-34022.663119,-32329.652587,-20423.750034,-45182.196222,0.0
-8389.101432,-13657.497008,-11224.107292,-36749.732405,-34017.566921,-32325.048128,-20414.675226,-45180.721006,0.0
-8395.851659,-13665.565987,-11229.963449,-36759.768338,-34022.685471,-32336.805145,-20420.196106,-45191.65101,0.0
-8413.576593,-13676.093659,-11238.792388,-36774.922821,-34040.365701,-32348.673922,-20440.312676,-45207.856024,0.0
-8419.343343,-13675.221941,-11238.702981,-36776.353333,-34043.785518,-32347.645741,-20442.972534,-45209.331239,0.0
-8418.91866,-13686.017833,-11250.102371,-36778.566155,-34041.684454,-32353.747768,-20439.798586,-45206.000829,0.0
-8411.766101,-13686.844848,-11253.745705,-36773.559365,-34043.159669,-32355.96059,-20440.87147,-45204.816187,0.0
-8411.74375,-13673.143229,-11237.831263,-36775.526318,-34035.045986,-32339.867334,-20440.49149,-45202.715123,0.0
-8418.1587,-13664.671918,-11226.811853,-36776.19687,-34033.459012,-32332.647721,-20438.591592,-45198.490643,0.0
-8399.651456,-13664.806028,-11229.20349,-36765.266867,-34026.708785,-32333.40768,-20425.269952,-45178.776405,0.0
-8395.717549,-13675.9819,-11242.592185,-36764.998646,-34025.658253,-32340.493183,-20424.331179,-45184.185527,0.0
-8409.888555,-13684.252046,-11253.343374,-36770.43012,-34029.949788,-32350.104433,-20435.4847,-45203.273917,0.0
-8401.059616,-13676.853618,-11244.737952,-36761.154146,-34026.082936,-32344.047111,-20425.605229,-45200.099969,0.0
-8401.394892,-13670.170447,-11235.417275,-36763.970466,-34029.390994,-32336.425166,-20423.70533,-45192.858004,0.0
-8414.068331,-13679.31231,-11244.693249,-36778.700266,-34042.690282,-32346.058768,-20433.785967,-45202.581013,0.0
-8416.951706,-13681.256912,-11244.693249,-36782.678876,-34041.617398,-32345.812898,-20436.1329,-45203.810359,0.0
-8410.581459,-13674.551389,-11236.981897,-36773.291144,-34033.391956,-32339.576762,-20427.303961,-45197.685981,0.0
-8416.795244,-13675.154886,-11237.317173,-36776.599202,-34039.0693,-32340.627294,-20432.355455,-45201.239908,0.0
-8411.833157,-13670.304557,-11232.779769,-36771.882984,-34030.240361,-32333.385328,-20425.560525,-45193.103873,0.0
-8393.594133,-13657.988746,-11221.849766,-36759.656579,-34014.705898,-32324.31052,-20413.021196,-45180.475137,0.0
-8408.011008,-13672.763249,-11232.511548,-36765.982123,-34028.452221,-32338.861506,-20426.678112,-45200.971687,0.0
-8411.229659,-13669.209322,-11227.616516,-36772.73235,-34033.481363,-32332.714776,-20424.957028,-45199.496472,0.0
-8406.088758,-13658.972223,-11218.720522,-36772.911164,-34029.569808,-32321.136572,-20422.520688,-45188.410007,0.0
-8415.677657,-13669.008156,-11230.477539,-36777.493272,-34036.38709,-32332.938294,-20432.578973,-45200.077617,0.0
-8412.369598,-13669.544598,-11235.10435,-36777.694437,-34040.09748,-32340.001445,-20430.947296,-45204.905594,0.0
-8414.403607,-13678.105316,-11242.52513,-36782.164786,-34040.723329,-32344.829422,-20427.616886,-45203.363324,0.0
-8414.247145,-13679.915807,-11239.977031,-36773.939344,-34031.290893,-32337.922733,-20419.905534,-45194.355571,0.0
-8424.461892,-13681.815706,-11240.289955,-36780.823681,-34041.952675,-32339.755576,-20433.294229,-45200.144672,0.0
-8414.738883,-13675.288996,-11238.278298,-36772.397074,-34041.997378,-32338.325064,-20428.198031,-45196.300172,0.0
-8415.923526,-13681.771002,-11246.637851,-36780.443702,-34048.613494,-32346.617561,-20433.361284,-45201.597536,0.0
-8409.486223,-13671.958586,-11236.199586,-36781.605993,-34036.655311,-32336.067538,-20425.471118,-45192.858004,0.0
-8403.80888,-13664.001365,-11226.543632,-36776.845071,-34033.682529,-32330.390195,-20422.945371,-45190.421664,0.0
-8402.668941,-13657.295842,-11215.457167,-36774.408731,-34030.48623,-32322.500029,-20422.118356,-45188.901745,0.0
-8408.949782,-13656.24531,-11216.105368,-36772.128853,-34026.26175,-32321.784773,-20420.7549,-45188.722931,0.0
-8424.663058,-13672.606787,-11233.673839,-36782.455359,-34039.851611,-32336.179297,-20432.936601,-45202.044571,0.0
-8424.461892,-13679.513476,-11237.540691,-36781.270716,-34039.046948,-32332.491259,-20426.946333,-45203.855062,0.0
-8419.075122,-13670.930406,-11228.778807,-36779.817853,-34031.693224,-32324.668148,-20415.837516,-45188.544117,0.0
-8413.218965,-13674.260816,-11234.791426,-36780.93544,-34036.163573,-32331.105451,-20420.732548,-45187.292419,0.0
-8412.235488,-13676.004252,-11236.132531,-36780.846033,-34035.649483,-32331.574837,-20422.610095,-45190.578126,0.0
-8412.526061,-13670.08104,-11224.509624,-36777.806196,-34031.872038,-32322.991767,-20422.230115,-45192.768597,0.0
-8427.367619,-13674.037298,-11230.23167,-36786.791597,-34040.298646,-32333.698253,-20428.466252,-45203.028047,0.0
-8409.150947,-13652.177292,-11212.260868,-36768.641981,-34023.803058,-32319.81782,-20407.455612,-45183.246754,0.0
-8393.68354,-13649.159807,-11214.004304,-36760.483594,-34018.215122,-32316.554465,-20398.872542,-45176.854155,0.0
-8403.183031,-13673.836133,-11238.390057,-36772.665295,-34028.876904,-32332.223038,-20411.344816,-45181.860945,0.0
-8408.703912,-13681.189857,-11246.414333,-36776.487443,-34030.821506,-32336.536924,-20408.863772,-45183.06794,0.0
-8415.230622,-13671.466848,-11235.193757,-36771.994742,-34025.74766,-32328.982035,-20411.568333,-45187.113605,0.0
-8429.379276,-13675.490162,-11238.390057,-36781.44953,-34033.526067,-32334.838192,-20421.64897,-45197.574222,0.0
-8437.738828,-13688.856505,-11251.398772,-36797.833359,-34048.769957,-32346.662265,-20434.121243,-45209.890033,0.0
-8440.152817,-13691.337549,-11249.811798,-36795.821702,-34040.61157,-32341.61077,-20431.237868,-45207.274879,0.0
-8426.875881,-13684.788488,-11245.073228,-36788.222109,-34035.314207,-32338.034491,-20423.392406,-45198.356533,0.0
-8419.812729,-13677.300653,-11237.607746,-36779.52728,-34032.743756,-32331.664244,-20414.652874,-45194.310867,0.0
-8420.103302,-13670.237502,-11227.705923,-36779.840205,-34033.481363,-32323.639968,-20413.870563,-45194.333219,0.0
-8422.338476,-13663.017888,-11219.703999,-36784.042333,-34031.13443,-32315.615692,-20416.53042,-45192.768597,0.0
-8431.905023,-13674.05965,-11232.399789,-36794.39119,-34039.695148,-32326.568046,-20424.331179,-45194.22146,0.0
-8427.25586,-13681.815706,-11242.122798,-36790.792559,-34040.902143,-32338.995616,-20425.471118,-45197.127187,0.0
-8416.437616,-13671.153923,-11231.908051,-36776.286277,-34024.20539,-32327.663282,-20411.27776,-45185.414873,0.0
-8420.438578,-13673.277339,-11232.980935,-36774.14051,-34023.847762,-32325.964549,-20411.456574,-45189.952277,0.0
-8430.318049,-13685.548447,-11245.408505,-36782.589469,-34035.403613,-32336.961608,-20424.822918,-45202.759827,0.0
-8429.17811,-13683.760307,-11244.894415,-36790.524339,-34041.729157,-32337.654512,-20429.159156,-45204.995001,0.0
-8417.5105,-13668.337604,-11228.30942,-36785.316382,-34036.431794,-32324.422279,-20417.29038,-45195.540213,0.0
-8415.856471,-13654.099542,-11216.105368,-36777.046237,-34027.334634,-32312.821724,-20409.243752,-45183.224402,0.0
-8419.075122,-13648.221034,-11211.791481,-36771.078321,-34024.652424,-32314.654567,-20411.076595,-45189.661704,0.0
-8415.945878,-13657.832284,-11220.039275,-36776.219222,-34026.485267,-32319.013157,-20413.892915,-45194.534385,0.0
-8423.746636,-13680.318139,-11239.038257,-36782.85769,-34030.933265,-32327.082137,-20419.190278,-45196.613097,0.0
-8427.658192,-13680.921636,-11243.508606,-36775.191042,-34030.352119,-32326.23277,-20412.68592,-45190.89105,0.0
-8413.844814,-13673.299691,-11239.865272,-36782.254193,-34027.558151,-32326.478639,-20410.003711,-45184.520803,0.0
-8436.285965,-13681.949816,-11245.47556,-36792.223071,-34041.259771,-32341.543715,-20432.444862,-45208.504225,0.0
-8421.48911,-13677.90415,-11241.675763,-36782.008324,-34044.59018,-32341.074329,-20424.822918,-45207.654859,0.0
-8400.277305,-13665.297766,-11225.426045,-36764.462205,-34026.887599,-32318.811991,-20405.198086,-45189.371132,0.0
-8420.371523,-13665.85656,-11227.370647,-36774.855766,-34025.568846,-32318.320253,-20411.009539,-45190.354608,0.0
-8429.893366,-13664.381345,-11233.003286,-36786.433969,-34033.257846,-32324.869314,-20419.994941,-45191.472196,0.0
-8425.065389,-13665.968319,-11232.958583,-36791.329001,-34037.862305,-32326.635102,-20424.509993,-45196.613097,0.0
-8422.964325,-13674.037298,-11236.825435,-36786.121045,-34031.804983,-32328.400889,-20421.447804,-45201.172853,0.0
-8419.656267,-13677.412412,-11237.987725,-36777.202699,-34034.911875,-32330.211381,-20417.066862,-45202.156329,0.0
-8426.831177,-13671.556255,-11235.149054,-36785.29403,-34041.12566,-32329.250256,-20423.034778,-45202.469254,0.0
-8430.988602,-13663.889606,-11229.762284,-36788.758551,-34037.549381,-32327.305654,-20422.878316,-45199.049437,0.0
-8425.735942,-13665.677746,-11233.159749,-36785.361086,-34039.270465,-32328.691462,-20419.793775,-45198.758864,0.0
-8415.945878,-13676.026604,-11241.608708,-36783.774112,-34037.504677,-32334.122936,-20415.546944,-45202.29044,0.0
-8417.979886,-13676.898322,-11235.953717,-36783.37178,-34034.710709,-32329.876105,-20421.090176,-45207.16312,0.0
-8424.372485,-13677.479467,-11234.679667,-36770.184251,-34040.052776,-32328.490296,-20420.911362,-45204.659725,0.0
-8418.136349,-13674.216112,-11238.993554,-36785.204623,-34040.276294,-32329.205552,-20419.078519,-45197.127187,0.0
-8433.268479,-13669.857522,-11237.831263,-36790.0326,-34032.743756,-32328.937331,-20424.845269,-45204.972649,0.0
-8423.634878,-13658.346374,-11227.66122,-36774.632248,-34030.218009,-32322.209456,-20415.971627,-45200.122321,0.0
-8415.610601,-13660.536845,-11223.57085,-36781.203661,-34030.441526,-32318.566122,-20414.09408,-45197.440111,0.0
-8426.920584,-13679.69229,-11240.60288,-36784.176443,-34041.729157,-32331.820706,-20423.101833,-45206.492568,0.0
-8421.064427,-13676.853618,-11240.669935,-36776.308629,-34044.545477,-32331.910113,-20418.810298,-45204.167986,0.0
-8411.900212,-13658.972223,-11228.599993,-36779.929612,-34041.818564,-32323.908189,-20419.34674,-45199.34001,0.0
-8413.688351,-13661.743839,-11235.931365,-36777.716789,-34037.035291,-32325.137535,-20416.820993,-45190.108739,0.0
-8413.174261,-13676.87597,-11247.934252,-36785.67401,-34037.571733,-32333.452384,-20420.576086,-45198.937678,0.0
-8417.421093,-13683.402679,-11249.901205,-36785.472844,-34048.948771,-32338.995616,-20425.337008,-45210.091199,0.0
-8409.083892,-13674.43963,-11236.736028,-36774.408731,-34039.270465,-32327.015081,-20418.475022,-45207.587803,0.0
-8407.13929,-13653.026659,-11228.242365,-36764.864536,-34033.637826,-32321.248331,-20407.522667,-45191.673361,0.0
-8411.36377,-13660.380383,-11244.737952,-36768.999609,-34051.228649,-32340.224962,-20417.111566,-45199.608231,0.0
-8406.133462,-13675.065479,-11245.296746,-36772.397074,-34050.692207,-32340.314369,-20422.252467,-45209.867681,0.0
-8429.826311,-13680.429897,-11248.828322,-36805.075324,-34056.146032,-32341.901343,-20439.664476,-45216.26028,0.0
-8422.986677,-13664.426048,-11242.055743,-36798.99565,-34053.03914,-32334.793488,-20434.322409,-45203.452731,0.0
-8426.384142,-13673.746726,-11250.124723,-36792.290126,-34053.329713,-32341.454308,-20433.003656,-45212.41578,0.0
-8426.339439,-13679.133496,-11252.069325,-36777.292106,-34056.928343,-32344.874125,-20428.198031,-45213.578071,0.0
-8407.720436,-13662.749667,-11247.084885,-36767.680856,-34060.415216,-32341.99075,-20417.670359,-45196.993076,0.0
-8403.697122,-13675.959548,-11254.528016,-36808.115161,-34064.751454,-32351.266724,-20436.714046,-45221.870568,0.0
-8448.668831,-13672.495028,-11243.888586,-36823.694327,-34065.109082,-32341.834288,-20457.970555,-45229.336051,0.0
-8430.608622,-13658.525188,-11239.239423,-36798.347449,-34058.381207,-32336.916904,-20436.177604,-45206.559623,0.0
-8409.597982,-13665.253063,-11240.647583,-36790.189062,-34057.151861,-32342.258971,-20426.90163,-45205.397332,0.0
-8416.348209,-13666.840037,-11240.73699,-36793.027734,-34065.153785,-32342.929523,-20436.334066,-45213.376905,0.0
-8416.035285,-13664.470752,-11256.584377,-36778.253231,-34066.293724,-32352.719587,-20428.265086,-45211.655821,0.0
-8396.991598,-13654.032487,-11258.484275,-36752.124042,-34061.309285,-32351.758462,-20406.91917,-45194.22146,0.0
-8394.778776,-13653.406638,-11244.58149,-36784.221147,-34058.42591,-32340.247314,-20416.753938,-45192.187451,0.0
-8418.315162,-13666.102429,-11237.451284,-36809.277452,-34060.683436,-32336.447517,-20440.335028,-45209.822978,0.0
-8411.117901,-13671.422144,-11256.383211,-36795.084094,-34071.792253,-32351.602,-20435.171775,-45212.751056,0.0
-8406.893421,-13672.830304,-11258.998365,-36789.451455,-34077.5143,-32353.725416,-20429.293266,-45211.499359,0.0
-8415.364732,-13666.348298,-11253.969223,-36795.039391,-34075.07796,-32347.779852,-20427.974514,-45209.286536,0.0
-8398.980904,-13646.477598,-11243.240385,-36786.456321,-34066.159614,-32336.805145,-20416.128089,-45191.740416,0.0
-8379.803107,-13638.900356,-11238.613574,-36764.775129,-34058.828242,-32334.078233,-20399.453688,-45184.721969,0.0
-8384.675787,-13632.150129,-11228.197661,-36763.456376,-34056.637771,-32326.344529,-20400.12424,-45182.531498,0.0
-8406.558145,-13648.55631,-11238.971202,-36789.943193,-34067.165442,-32336.380462,-20424.733511,-45200.591707,0.0
-8419.611564,-13663.375516,-11250.325888,-36792.804216,-34070.093521,-32345.343512,-20432.087235,-45211.074675,0.0
-8408.122767,-13660.648604,-11247.666031,-36793.385362,-34070.965239,-32343.443613,-20425.11349,-45208.213652,0.0
-8415.632953,-13666.013022,-11258.886607,-36797.833359,-34078.788349,-32352.183146,-20433.227173,-45211.812283,0.0
-8418.985715,-13669.008156,-11263.513418,-36799.845016,-34079.213033,-32355.021817,-20435.395293,-45211.745228,0.0
-8436.040096,-13668.471714,-11258.618386,-36811.110295,-34080.397675,-32353.501898,-20443.061941,-45216.081466,0.0
-8409.240354,-13656.781752,-11249.476522,-36780.04137,-34064.885564,-32342.102509,-20418.676188,-45209.890033,0.0
-8402.26661,-13657.675822,-11246.995479,-36780.331943,-34065.220841,-32338.615637,-20415.50224,-45207.051361,0.0
-8404.412377,-13652.937252,-11243.396848,-36790.323173,-34066.092559,-32335.419337,-20422.833612,-45211.454655,0.0
-8380.965397,-13653.272528,-11244.737952,-36765.959771,-34060.169346,-32331.932465,-20409.981359,-45206.425513,0.0
-8368.090793,-13658.346374,-11251.555234,-36758.807213,-34067.031332,-32335.933427,-20409.154345,-45200.301135,0.0
-8354.277415,-13653.876025,-11248.984784,-36745.016187,-34059.163518,-32334.145288,-20399.945426,-45192.634486,0.0
-8346.454304,-13633.513586,-11239.239423,-36744.189172,-34048.099404,-32322.835305,-20395.38567,-45174.10489,0.0
-8357.451362,-13642.901318,-11245.274394,-36758.538992,-34061.018713,-32327.64093,-20405.801583,-45191.628658,0.0
-8373.254046,-13640.241461,-11244.313269,-36769.491347,-34062.560983,-32329.652587,-20410.093118,-45195.093178,0.0
-8380.093679,-13640.643792,-11243.329792,-36771.301838,-34065.354951,-32332.938294,-20413.803508,-45198.334181,0.0
-8394.667017,-13636.866347,-11240.267603,-36780.667219,-34065.265544,-32330.703119,-20417.558601,-45200.256431,0.0
-8404.010046,-13636.061685,-11237.652449,-36779.996667,-34064.70675,-32329.026738,-20418.966761,-45203.273917,0.0
-8397.349226,-13629.624382,-11232.511548,-36772.620591,-34060.102291,-32322.455325,-20410.24958,-45198.512995,0.0
-8395.918715,-13626.472786,-11231.572775,-36774.855766,-34056.593067,-32318.521418,-20403.499353,-45192.433321,0.0
-8408.92743,-13635.704057,-11238.501816,-36797.296917,-34069.534727,-32329.362014,-20424.532345,-45205.419684,0.0
-8424.126616,-13645.829397,-11245.09558,-36807.757534,-34076.150844,-32337.162773,-20435.61881,-45216.103818,0.0
-8429.312221,-13653.473694,-11253.946871,-36804.740048,-34082.409332,-32344.494145,-20437.228136,-45225.133923,0.0
-8424.886575,-13640.643792,-11247.53192,-36800.783789,-34080.509434,-32337.185125,-20433.629505,-45214.248623,0.0
-8418.046942,-13634.809987,-11240.73699,-36798.280394,-34074.988553,-32328.713814,-20429.248563,-45205.978478,0.0
-8421.645572,-13637.291031,-11240.155845,-36798.436856,-34072.060474,-32329.518477,-20426.722816,-45207.900728,0.0
-8408.54745,-13631.658391,-11235.707848,-36786.389266,-34066.383131,-32323.103526,-20416.083385,-45201.441074,0.0
-8410.134424,-13642.208414,-11248.515397,-36785.115216,-34073.468634,-32332.334796,-20417.312731,-45206.939603,0.0
-8414.448311,-13644.264775,-11246.168464,-36799.353278,-34078.453073,-32331.753651,-20424.375883,-45210.448827,0.0
-8410.98379,-13630.294935,-11233.450321,-36795.352315,-34070.808777,-32319.639006,-20420.643141,-45199.071789,0.0
-8405.865241,-13631.099597,-11235.014943,-36790.300821,-34066.763111,-32320.33191,-20413.155307,-45200.189376,0.0
-8401.484299,-13625.086978,-11231.25985,-36785.092865,-34064.125605,-32317.180314,-20406.673301,-45196.993076,0.0
-8412.25784,-13630.898432,-11237.518339,-36794.793522,-34073.468634,-32322.812953,-20414.98815,-45202.960992,0.0
-8420.684447,-13635.480539,-11238.501816,-36805.254138,-34077.581355,-32325.226942,-20422.431281,-45210.001792,0.0
-8403.384197,-13621.041312,-11229.941097,-36788.333868,-34064.550288,-32314.587511,-20405.108679,-45192.925059,0.0
-8414.783587,-13637.15692,-11244.603842,-36797.542786,-34079.503605,-32328.847924,-20418.564429,-45210.046495,0.0
-8416.884651,-13634.318249,-11242.346316,-36799.219167,-34075.860271,-32325.606921,-20417.469194,-45208.034838,0.0
-8415.34238,-13634.385304,-11236.311345,-36792.603051,-34066.852518,-32319.080212,-20408.528496,-45203.877414,0.0
-8415.789415,-13626.562193,-11228.979972,-36793.36301,-34063.186832,-32312.665261,-20406.159211,-45198.781216,0.0
-8422.114959,-13633.804158,-11238.390057,-36801.141417,-34068.864175,-32320.734241,-20411.568333,-45206.939603,0.0
-8415.163566,-13626.741007,-11235.48433,-36794.078266,-34067.299553,-32318.588474,-20406.069804,-45201.306963,0.0
-8415.789415,-13625.489309,-11236.668973,-36791.351353,-34071.74755,-32319.05786,-20406.449784,-45200.345838,0.0
-8405.619372,-13622.740045,-11235.417275,-36789.630269,-34070.942887,-32316.643872,-20399.923074,-45192.969762,0.0
-8405.060578,-13623.634115,-11231.662182,-36788.535033,-34061.868079,-32309.804238,-20394.916283,-45188.655876,0.0
-8415.252973,-13632.41835,-11241.63106,-36791.731333,-34065.824338,-32320.488372,-20400.526571,-45202.80453,0.0
-8406.133462,-13618.604972,-11225.604859,-36783.483539,-34056.190736,-32304.462171,-20387.003766,-45190.108739,0.0
-8405.284095,-13611.40771,-11216.954734,-36780.644867,-34051.854497,-32297.086095,-20370.955213,-45184.811376,0.0
-8404.121805,-13614.492251,-11228.085903,-36780.778978,-34061.175175,-32308.574892,-20369.055315,-45191.673361,0.0
-8401.327837,-13621.935382,-11230.61165,-36787.328039,-34062.918611,-32310.251273,-20381.527589,-45189.617001,0.0
-8397.52804,-13620.996609,-11227.437702,-36783.23767,-34059.901125,-32304.909206,-20377.638385,-45177.100024,0.0
-8394.734072,-13625.221089,-11240.401714,-36784.288202,-34069.177099,-32318.521418,-20388.322519,-45204.659725,0.0
-8405.351151,-13626.271621,-11241.854577,-36785.986934,-34071.74755,-32318.54377,-20375.939652,-45207.319582,0.0
-8415.007104,-13616.772129,-11226.565984,-36786.813949,-34058.850593,-32305.825628,-20333.046655,-45186.53246,0.0
-8412.660171,-13622.896507,-11228.376475,-36790.122007,-34059.275277,-32307.189084,-20381.616996,-45201.575184,0.0
-8412.347247,-13624.572888,-11228.756455,-36791.463112,-34060.906954,-32302.986956,-20377.861902,-45188.678228,0.0
-8401.059616,-13631.546632,-11240.73699,-36789.294993,-34074.474463,-32319.549599,-20369.12237,-45197.03778,0.0
-8383.155868,-13640.532034,-11247.554272,-36782.053027,-34083.951602,-32329.42907,-20395.542132,-45213.600423,0.0
-8380.831287,-13632.619516,-11236.199586,-36778.4991,-34073.915669,-32315.459229,-20381.661699,-45189.125262,0.0
-8376.5174,-13632.664219,-11237.92067,-36783.483539,-34081.939945,-32322.321215,-20386.132048,-45206.112588,0.0
-8369.655415,-13611.586524,-11220.419254,-36764.372798,-34063.969143,-32304.171598,-20342.881422,-45186.845384,0.0
-8380.116031,-13606.378568,-11216.194775,-36762.60701,-34057.77771,-32297.354316,-20322.586038,-45168.047567,0.0
-8389.70493,-13618.873193,-11227.705923,-36773.134681,-34071.166405,-32310.027756,-20360.561652,-45188.007675,0.0
-8388.453232,-13614.201679,-11224.643734,-36774.028751,-34069.467672,-32306.585587,-20341.920297,-45182.17387,0.0
-8372.270569,-13614.916934,-11227.974144,-36768.977257,-34072.708675,-32311.458267,-20342.523794,-45197.641277,0.0
-8362.726374,-13608.367873,-11227.862385,-36756.102652,-34065.913745,-32310.519494,-20338.053446,-45185.63839,0.0
-8360.804124,-13608.703149,-11227.035371,-36752.459318,-34067.768939,-32307.569064,-20341.070931,-45174.820146,0.0
-8345.180255,-13598.957789,-11217.29001,-36754.135699,-34065.153785,-32300.86354,-20333.337228,-45165.275951,0.0
-8355.015022,-13601.79646,-11216.865327,-36760.81887,-34070.361742,-32299.83536,-20329.448024,-45160.447974,0.0
-8361.1394,-13598.108423,-11215.010132,-36756.415577,-34071.166405,-32299.589491,-20323.904791,-45156.759936,0.0
-8359.150095,-13602.534068,-11222.945001,-36765.646847,-34074.541518,-32307.993747,-20316.998102,-45153.34012,0.0
-8373.723432,-13610.960676,-11231.058685,-36768.37376,-34081.515262,-32318.320253,-20321.06612,-45160.78325,0.0
-8357.965452,-13598.84603,-11218.429949,-36749.642998,-34072.373399,-32307.926692,-20299.742556,-45145.002919,0.0
-8351.818723,-13592.386376,-11217.535879,-36746.98314,-34073.356876,-32305.669165,-20295.205151,-45137.850361,0.0
-8318.134644,-13596.476745,-11216.328885,-36730.845181,-34069.020637,-32300.640023,-20283.917521,-45133.894102,0.0
-8334.831397,-13599.22601,-11212.909068,-36741.283446,-34068.998285,-32299.254215,-20285.750364,-45133.134143,0.0
-8351.885778,-13601.28237,-11215.770092,-36757.555515,-34074.519166,-32300.818837,-20279.469523,-45122.33825,0.0
-8354.210359,-13585.412632,-11197.531068,-36745.172649,-34064.326771,-32289.531206,-20277.055535,-45110.648288,0.0
-8321.040371,-13576.471934,-11191.160821,-36731.582788,-34061.510451,-32283.786808,-20270.059439,-45098.75716,0.0
-8312.814929,-13580.785821,-11192.971312,-36726.441887,-34050.558096,-32277.148339,-20260.492892,-45098.153662,0.0
-8347.080153,-13589.123021,-11202.135527,-36744.904428,-34062.404521,-32284.122084,-20265.343221,-45105.015648,0.0
-8365.676804,-13608.725501,-11215.010132,-36757.890792,-34086.052666,-32300.21534,-20284.431611,-45127.702669,0.0
-8334.987859,-13600.500059,-11208.617533,-36751.118213,-34083.593975,-32296.549654,-20287.359689,-45124.953404,0.0
-8319.922783,-13583.177457,-11191.317283,-36749.777108,-34074.675629,-32282.132778,-20282.487009,-45117.577328,0.0
-8347.616595,-13601.729405,-11208.371664,-36752.504021,-34080.062399,-32297.421372,-20288.544332,-45134.564654,0.0
-8359.530075,-13596.610856,-11207.030559,-36764.842184,-34090.902995,-32294.850921,-20278.15077,-45108.211947,0.0
-8359.530075,-13608.144356,-11209.310437,-36761.265905,-34082.856367,-32294.381534,-20283.582244,-45107.921375,0.0
-8335.814874,-13600.969446,-11194.044196,-36738.578884,-34058.872945,-32280.411694,-20277.390811,-45106.870843,0.0
-8329.288164,-13599.136603,-11195.362949,-36744.457393,-34076.955506,-32290.425276,-20290.220712,-45117.97966,0.0
-8337.04422,-13603.517545,-11193.418347,-36746.692568,-34081.381152,-32290.089999,-20291.494762,-45124.171093,0.0
-8347.460133,-13607.764376,-11197.329902,-36758.091957,-34086.164425,-32290.045296,-20277.726087,-45120.438352,0.0
-8326.337734,-13603.986931,-11196.905219,-36755.163879,-34090.187739,-32298.583662,-20279.670689,-45127.769724,0.0
-8319.296935,-13607.831431,-11193.530106,-36739.875286,-34080.732951,-32296.907282,-20276.519093,-45118.426695,0.0
-8293.078338,-13620.773091,-11206.516469,-36739.696472,-34081.179986,-32312.106468,-20271.73582,-45136.799829,0.0
-8332.640926,-13624.21526,-11204.86244,-36750.067681,-34076.821396,-32313.134648,-20269.388887,-45132.910625,0.0
-8329.645792,-13631.501929,-11214.227821,-36741.529315,-34079.414198,-32324.444631,-20259.218843,-45137.828009,0.0
-8322.649696,-13632.641868,-11217.8041,-36753.12987,-34087.349068,-32331.887762,-20258.101256,-45131.770686,0.0
-8324.817815,-13642.007249,-11224.755493,-36766.004475,-34097.407353,-32347.086948,-20278.441343,-45145.204085,0.0
-8335.859577,-13662.816723,-11248.761266,-36764.618667,-34108.873798,-32373.841986,-20284.275148,-45158.481021,0.0
-8317.687609,-13647.617536,-11239.239423,-36750.514716,-34100.558949,-32373.752579,-20275.379154,-45158.503372,0.0
-8299.649751,-13651.685554,-11243.530958,-36735.606102,-34089.964222,-32381.441579,-20265.678497,-45162.638445,0.0
-8295.246457,-13673.232636,-11272.834095,-36753.64396,-34114.774658,-32410.454143,-20281.659994,-45175.937733,0.0
-8295.827603,-13673.612615,-11274.376365,-36764.842184,-34117.121591,-32418.120792,-20279.447172,-45184.207879,0.0
-8300.677931,-13660.648604,-11260.786505,-36757.577867,-34114.506437,-32413.851608,-20287.069116,-45182.911477,0.0
-8280.360196,-13662.570854,-11270.107182,-36753.621608,-34118.686213,-32421.630016,-20280.497704,-45185.258411,0.0
-8285.366986,-13657.072324,-11269.101354,-36749.374777,-34113.433553,-32421.115925,-20255.173177,-45174.48487,0.0
-8277.543876,-13660.536845,-11270.710679,-36757.86844,-34118.082716,-32421.853533,-20258.145959,-45146.366375,0.0
-8321.442702,-13681.10045,-11286.043976,-36771.994742,-34131.046728,-32446.775728,-20292.299425,-45179.066977,0.0
-8309.596277,-13691.762232,-11302.025473,-36767.792614,-34132.544295,-32459.315057,-20295.026338,-45176.988265,0.0
-8243.144541,-13655.910034,-11276.589188,-36740.367024,-34106.571568,-32430.235437,-20242.700904,-45118.314936,0.0
-8258.880169,-13664.940138,-11271.984729,-36747.720748,-34109.119667,-32436.181001,-20252.625078,-45145.293492,0.0
-8277.990911,-13682.888589,-11288.346206,-36745.910257,-34113.612367,-32459.091539,-20282.509361,-45177.189431,0.0
-8237.757771,-13685.615502,-11303.165412,-36732.767431,-34110.818399,-32462.712522,-20262.392791,-45154.815335,0.0
-8228.504149,-13684.56497,-11304.394758,-36742.266922,-34124.743536,-32469.35099,-20268.763038,-45159.911532,0.0
-8232.683925,-13661.922653,-11284.591113,-36770.005437,-34148.481089,-32465.081807,-20287.11382,-45150.054413,0.0
-8284.316454,-13714.851584,-11331.149796,-36787.775074,-34157.801766,-32499.5929,-20296.658015,-45163.241942,0.0
-8261.920007,-13707.564915,-11332.267384,-36774.118158,-34147.587019,-32490.696906,-20285.906826,-45135.682241,0.0
-8251.481742,-13698.199534,-11332.08857,-36775.146338,-34153.219659,-32491.613327,-20291.718279,-45134.564654,0.0
-8288.563286,-13711.141194,-11341.766875,-36790.144359,-34166.407188,-32508.623005,-20324.307123,-45180.229268,0.0
-8259.774239,-13722.205308,-11346.214872,-36778.297934,-34157.533545,-32516.736688,-20304.27996,-45186.420701,0.0
-8228.258279,-13686.777793,-11327.104131,-36763.523431,-34151.766795,-32503.95149,-20283.336375,-45153.362471,0.0
-8255.326242,-13707.833136,-11340.135198,-36772.955867,-34162.71915,-32516.267302,-20300.904846,-45165.320655,0.0
-8249.447733,-13734.252898,-11364.699765,-36777.001533,-34156.728882,-32523.665729,-20315.612294,-45145.606416,0.0
-8208.92402,-13731.257764,-11370.690032,-36766.853841,-34146.782356,-32519.016566,-20302.558875,-45116.593852,0.0
-8229.04059,-13724.842814,-11363.626881,-36769.446644,-34138.75808,-32516.490819,-20306.783355,-45137.693898,0.0
-8275.331053,-13719.388988,-11356.831951,-36793.36301,-34158.047635,-32524.604502,-20349.832815,-45148.646253,0.0
-8281.231914,-13706.246162,-11346.617204,-36806.103504,-34173.35858,-32525.453869,-20364.76378,-45175.714216,0.0
-8294.419443,-13725.625125,-11358.038945,-36804.404772,-34170.02817,-32542.485898,-20367.669507,-45179.849288,0.0
-8273.252341,-13778.375242,-11415.371169,-36784.355257,-34164.440234,-32576.952288,-20335.661809,-45166.706463,0.0
-8261.629434,-13777.794096,-11424.557736,-36798.839187,-34178.454778,-32574.068913,-20317.109861,-45172.473213,0.0
-8259.483666,-13749.563843,-11404.016483,-36809.210397,-34190.211796,-32561.373122,-20314.070024,-45157.944579,0.0
-8257.986099,-13721.557107,-11374.601588,-36796.604013,-34162.160356,-32537.00972,-20343.954306,-45130.004898,0.0
-8209.438111,-13741.897195,-11404.932905,-36779.504929,-34156.304199,-32570.559689,-20347.821158,-45125.020459,0.0
-8257.896693,-13782.71148,-11433.006696,-36802.147246,-34164.12731,-32581.310878,-20368.295356,-45181.480966,0.0
-8313.016094,-13789.595817,-11429.050437,-36820.319214,-34177.985391,-32572.034904,-20373.615071,-45212.080504,0.0
-8265.6751,-13776.721212,-11421.204975,-36786.858652,-34165.311952,-32572.124311,-20347.619992,-45199.384713,0.0
-8253.292233,-13760.516198,-11405.849326,-36777.225051,-34152.325589,-32575.164148,-20378.577158,-45207.990135,0.0
-8266.949149,-13739.393799,-11387.006806,-36793.787693,-34170.631667,-32578.963945,-20365.948423,-45169.791003,0.0
-8279.801402,-13724.887517,-11370.265349,-36814.954795,-34188.155435,-32563.965924,-20319.434442,-45167.578181,0.0
-8254.678041,-13761.678488,-11418.902745,-36818.776944,-34210.037793,-32597.717058,-20341.562669,-45101.8417,0.0
-8275.375757,-13797.888314,-11459.560568,-36827.69529,-34197.543168,-32624.583855,-20377.57133,-45135.168151,0.0
-8265.585693,-13769.38984,-11419.908574,-36790.859615,-34150.872725,-32574.270078,-20355.756027,-45202.581013,0.0
-8251.571149,-13758.191616,-11403.725911,-36782.053027,-34161.087473,-32571.900794,-20349.989277,-45203.117454,0.0
-8282.640074,-13762.72902,-11405.648161,-36815.960624,-34187.216662,-32583.344887,-20396.458554,-45224.195149,0.0
-8309.305705,-13775.447163,-11414.275934,-36826.331833,-34192.022287,-32596.152436,-20406.338025,-45213.30985,0.0
-8307.472862,-13772.049698,-11416.734626,-36820.565083,-34189.317726,-32598.789942,-20388.478981,-45215.120341,0.0
-8294.575905,-13741.517215,-11401.133108,-36806.662298,-34179.840586,-32591.123294,-20370.038792,-45205.844367,0.0
-8255.460352,-13751.664907,-11412.376036,-36795.66524,-34185.629688,-32591.726791,-20326.743463,-45192.723893,0.0
-8268.424364,-13797.418928,-11450.955147,-36803.197778,-34196.403229,-32615.330233,-20318.048634,-45172.540268,0.0
-8269.944283,-13780.968044,-11429.765693,-36800.716734,-34194.726848,-32610.390497,-20338.142853,-45155.307073,0.0
-8281.18721,-13762.706669,-11406.296361,-36805.432952,-34184.109769,-32604.02025,-20372.765705,-45162.347873,0.0
-8288.898562,-13761.097343,-11399.009693,-36783.863519,-34166.04956,-32609.362317,-20350.346905,-45221.647051,0.0
-8286.551629,-13742.634802,-11389.823126,-36820.296862,-34229.886142,-32614.212646,-20332.487861,-45194.847309,0.0
-8284.025882,-13733.045904,-11373.886332,-36818.173446,-34202.460552,-32570.202061,-20369.278833,-45202.603364,0.0
-8282.438908,-13764.561863,-11407.972742,-36804.695345,-34186.188482,-32596.018326,-20388.680147,-45198.602402,0.0
-8287.46805,-13736.018686,-11386.917399,-36801.968432,-34189.049505,-32599.929881,-20388.948368,-45211.834635,0.0
-8284.227047,-13800.726986,-11463.583882,-36808.361031,-34203.46638,-32639.38071,-20346.725922,-45205.710257,0.0
-8285.322283,-13798.223591,-11468.456563,-36809.053935,-34209.724869,-32646.04153,-20332.845489,-45147.148686,0.0
-8300.744987,-13787.360643,-11443.132036,-36808.584548,-34210.708345,-32628.897742,-20345.094245,-45204.86089,0.0
-8301.616705,-13759.376259,-11411.884297,-36811.624385,-34203.399325,-32603.863788,-20377.258405,-45229.693679,0.0
-8293.48067,-13759.219797,-11418.031027,-36799.576795,-34205.813313,-32615.017309,-20365.52374,-45186.107777,0.0
-8273.967597,-13770.842704,-11428.916327,-36795.66524,-34210.50718,-32616.96191,-20334.745387,-45155.798811,0.0
-8267.709108,-13759.286852,-11415.281763,-36789.652621,-34198.392534,-32608.736468,-20341.383856,-45166.594704,0.0
-8288.809155,-13750.703782,-11395.120489,-36811.467923,-34210.26131,-32612.245692,-20352.738542,-45191.762768,0.0
-8278.683815,-13728.955535,-11365.571483,-36795.352315,-34194.391572,-32592.620861,-20356.381876,-45170.819184,0.0
-8279.376719,-13761.589081,-11415.862908,-36804.851807,-34211.267139,-32609.407021,-20366.328402,-45209.59946,0.0
-8288.22801,-13779.157553,-11441.478007,-36811.244406,-34225.482848,-32630.104736,-20366.797789,-45181.056283,0.0
-8297.079301,-13782.666776,-11444.562548,-36806.215263,-34225.952235,-32642.621713,-20358.393533,-45168.539306,0.0
-8286.573981,-13777.548227,-11430.682114,-36776.509795,-34195.620918,-32621.05228,-20325.827041,-45213.153388,0.0
-8280.337844,-13752.044887,-11412.130167,-36783.349429,-34211.334194,-32640.095966,-20315.098204,-45154.256541,0.0
-8272.60414,-13734.185843,-11393.935847,-36788.982068,-34229.193238,-32619.621768,-20319.322684,-45176.205954,0.0
-8282.193039,-13751.307279,-11398.294437,-36792.603051,-34234.289436,-32606.18837,-20335.572402,-45218.18253,0.0
-8291.290199,-13740.578442,-11386.179791,-36802.996612,-34194.279813,-32587.077628,-20376.274929,-45200.323486,0.0
-8310.624458,-13748.535663,-11396.618056,-36800.53792,-34175.191423,-32604.847265,-20390.580045,-45216.819074,0.0
-8313.530184,-13767.713459,-11420.489719,-36809.791542,-34221.750107,-32642.286437,-20383.494542,-45219.166007,0.0
-8305.930591,-13771.714422,-11427.776388,-36809.478618,-34238.089232,-32629.210666,-20366.484865,-45257.789821,0.0
-8310.40094,-13771.379146,-11422.434321,-36805.030621,-34241.799622,-32625.075594,-20389.864789,-45277.772281,0.0
-8306.735254,-13779.649291,-11438.661687,-36797.945118,-34242.358415,-32644.096928,-20378.845379,-45224.262205,0.0
-8266.166838,-13745.29466,-11405.089367,-36783.528243,-34227.360395,-32631.132916,-20344.13312,-45161.856134,0.0
-8270.771297,-13730.475453,-11372.813448,-36775.079283,-34208.361412,-32580.81914,-20308.929123,-45242.1436,0.0
-8300.521469,-13756.179959,-11394.002902,-36789.630269,-34212.317671,-32590.832721,-20343.596678,-45267.334016,0.0
-8297.079301,-13754.637689,-11396.908629,-36778.320286,-34196.403229,-32608.982338,-20379.180655,-45243.216484,0.0
-8281.433079,-13721.668866,-11362.106962,-36776.263926,-34220.207837,-32583.791922,-20381.192312,-45228.106705,0.0
-8278.773222,-13750.100285,-11398.920286,-36781.941269,-34245.666474,-32612.268044,-20350.726885,-45186.979495,0.0
-8277.879152,-13770.798,-11426.0106,-36786.1881,-34240.458517,-32627.377823,-20334.745387,-45199.965858,0.0
-8291.379606,-13768.831047,-11415.348818,-36786.009286,-34218.822028,-32617.654814,-20370.239958,-45247.731536,0.0
-8289.166783,-13749.429732,-11398.585009,-36786.255155,-34220.498409,-32619.510009,-20372.519836,-45227.212635,0.0
-8283.981178,-13746.948689,-11397.243905,-36786.255155,-34233.305959,-32616.425468,-20356.270117,-45169.791003,0.0
-8292.005455,-13757.766933,-11392.304169,-36774.364027,-34207.042659,-32600.309861,-20338.835757,-45248.759717,0.0
-8290.820812,-13763.444276,-11393.533515,-36770.564231,-34192.178749,-32599.169922,-20339.171033,-45283.114348,0.0
-8286.931609,-13759.488017,-11395.366358,-36775.414559,-34228.880314,-32601.494503,-20357.298298,-45238.768487,0.0
-8325.711885,-13777.436468,-11410.207917,-36811.467923,-34265.581878,-32613.296224,-20388.72485,-45251.75485,0.0
-8319.788673,-13744.445293,-11375.808582,-36810.573853,-34254.361302,-32605.629576,-20371.312841,-45247.686833,0.0
-8308.99278,-13734.163491,-11365.325614,-36782.880042,-34232.456593,-32602.500332,-20375.291452,-45217.713144,0.0
-8304.835356,-13749.765009,-11384.838687,-36775.414559,-34213.725831,-32604.847265,-20361.723943,-45228.710202,0.0
-8276.269826,-13771.043869,-11404.552925,-36767.85967,-34202.996993,-32582.964907,-20364.137931,-45256.940455,0.0
-8273.095879,-13777.883503,-11410.409082,-36767.636152,-34213.725831,-32593.961965,-20366.238995,-45251.24076,0.0
-8297.32517,-13778.017614,-11406.40812,-36776.57685,-34217.749145,-32613.184466,-20365.948423,-45259.645016,0.0
-8315.6536,-13770.775648,-11396.193373,-36786.1881,-34234.915285,-32611.329271,-20374.75501,-45255.420536,0.0
-8320.950964,-13755.621166,-11377.104983,-36790.680801,-34241.732567,-32593.872558,-20398.492563,-45251.62074,0.0
-8321.912089,-13757.811637,-11379.295454,-36802.169597,-34254.651875,-32597.761762,-20401.308882,-45242.478876,0.0
-8297.414577,-13768.920454,-11394.852268,-36792.46894,-34243.028968,-32598.745239,-20376.900777,-45223.368135,0.0
-8291.536068,-13751.217872,-11377.216742,-36781.628344,-34225.438145,-32587.859939,-20346.971792,-45229.58192,0.0
-8295.447623,-13758.37043,-11385.106907,-36768.932553,-34234.021215,-32605.629576,-20302.178896,-45215.008582,0.0
-8308.85867,-13781.459782,-11401.758957,-36784.869347,-34244.772404,-32609.049393,-20350.615126,-45260.404975,0.0
-8322.560289,-13770.485076,-11383.296416,-36787.886833,-34222.241845,-32590.788018,-20405.153382,-45270.262095,0.0
-8324.728408,-13757.923395,-11367.851361,-36778.543804,-34216.743316,-32590.340983,-20401.66651,-45262.416632,0.0
-8318.112292,-13767.288776,-11384.078727,-36776.755664,-34227.203933,-32599.482846,-20409.064938,-45267.669292,0.0
-8318.805196,-13775.581274,-11389.957236,-36775.861594,-34241.106718,-32604.757858,-20382.44401,-45264.361234,0.0
-8319.073417,-13772.787305,-11385.062204,-36780.398998,-34232.098965,-32598.834646,-20335.93003,-45260.919066,0.0
-8321.643868,-13767.378183,-11388.303207,-36780.778978,-34228.880314,-32604.243768,-20362.819178,-45247.999757,0.0
-8314.446606,-13752.067238,-11375.830934,-36776.129815,-34238.715081,-32597.515893,-20403.432298,-45253.520638,0.0
-8310.311533,-13749.742657,-11369.483038,-36788.222109,-34244.481831,-32586.541186,-20378.08542,-45259.130926,0.0
-8323.432007,-13775.245997,-11396.573352,-36793.318307,-34244.370072,-32607.775343,-20352.403266,-45244.535237,0.0
-8313.21726,-13772.004994,-11391.074823,-36768.731388,-34231.964854,-32604.288471,-20375.827894,-45243.93174,0.0
-8327.05299,-13781.392727,-11392.751204,-36784.623478,-34243.520706,-32603.126181,-20416.664531,-45262.282522,0.0
-8332.842092,-13780.968044,-11385.129259,-36787.886833,-34243.476003,-32598.141742,-20409.333159,-45269.94917,0.0
-8324.460187,-13765.880616,-11370.824143,-36777.627382,-34232.925979,-32593.403172,-20390.557693,-45260.807307,0.0
-8338.631193,-13788.388823,-11390.918361,-36786.523376,-34245.197087,-32614.123239,-20405.063975,-45274.285409,0.0
-8323.007324,-13786.377166,-11389.152573,-36775.906298,-34235.652892,-32599.684012,-20395.229208,-45284.544859,0.0
-8296.386396,-13771.245035,-11373.819277,-36751.766414,-34218.173828,-32582.49552,-20374.777362,-45267.401071,0.0
-8283.422385,-13763.801904,-11366.599663,-36731.09105,-34215.961005,-32577.555785,-20345.697742,-45252.00072,0.0
-8289.3903,-13772.943768,-11375.965044,-36743.585675,-34236.770479,-32595.034849,-20368.585929,-45266.775223,0.0
-8273.051175,-13774.061355,-11382.96114,-36732.901541,-34231.428412,-32599.169922,-20389.9989,-45269.122156,0.0
-8264.892789,-13783.560846,-11394.829916,-36735.986082,-34227.002767,-32596.375954,-20363.310917,-45264.5624,0.0
-8256.980271,-13770.373317,-11377.909646,-36730.979291,-34218.19618,-32583.322535,-20348.3576,-45236.935644,0.0
-8265.049251,-13765.902968,-11373.193428,-36738.958864,-34218.263235,-32588.105808,-20367.982431,-45235.616891,0.0
-8300.074434,-13760.80677,-11367.404326,-36756.370873,-34231.339005,-32580.930898,-20359.980507,-45262.014301,0.0
-8326.181272,-13759.488017,-11369.974777,-36773.671123,-34239.676206,-32584.931861,-20371.29049,-45275.313589,0.0
-8320.01219,-13766.417058,-11368.61132,-36763.009341,-34239.832668,-32588.217567,-20398.827839,-45279.850993,0.0
-8320.749798,-13776.251826,-11373.104021,-36766.205641,-34247.253447,-32592.129122,-20424.509993,-45296.927726,0.0
-8317.173519,-13769.099268,-11364.900931,-36764.305742,-34235.362319,-32582.294355,-20413.535287,-45286.064778,0.0
-8320.928612,-13766.126486,-11362.151666,-36764.171632,-34234.110622,-32583.523701,-20399.006653,-45282.823775,0.0
-8313.954868,-13750.03323,-11348.405343,-36750.022978,-34223.404136,-32568.100997,-20370.239958,-45269.703301,0.0
-8319.118121,-13760.963233,-11361.078782,-36753.778071,-34226.265159,-32576.102921,-20359.108789,-45264.987083,0.0
-8303.024865,-13751.5755,-11355.356736,-36755.208582,-34232.657758,-32576.281735,-20387.383746,-45252.13483,0.0
-8303.717769,-13744.02061,-11353.36743,-36755.454451,-34239.631503,-32575.208852,-20405.287493,-45240.489571,0.0
-8306.914068,-13759.64448,-11365.884407,-36761.154146,-34234.021215,-32572.727808,-20384.947405,-45256.538124,0.0
-8327.43297,-13777.525875,-11373.372242,-36776.040408,-34234.714119,-32574.135968,-20399.364281,-45259.734423,0.0
-8318.268754,-13751.933128,-11349.455875,-36759.567172,-34220.923092,-32557.014532,-20381.03585,-45250.816077,0.0
-8317.173519,-13752.558977,-11349.657041,-36748.748928,-34223.180619,-32561.060197,-20379.135952,-45267.691644,0.0
-8328.125874,-13767.266425,-11367.694899,-36764.931591,-34238.044529,-32577.466378,-20385.439144,-45279.627476,0.0
-8316.391208,-13754.928262,-11361.078782,-36762.60701,-34230.914322,-32569.375046,-20367.893024,-45264.338882,0.0
-8317.017057,-13752.000183,-11357.010765,-36739.830582,-34222.130087,-32563.675352,-20336.019437,-45240.757792,0.0
-8321.532109,-13746.412247,-11352.383954,-36758.784861,-34225.706366,-32559.406168,-20316.104033,-45219.925966,0.0
-8321.777978,-13748.267442,-11354.909701,-36754.739196,-34226.891008,-32562.289543,-20356.761856,-45250.301987,0.0
-8310.870327,-13729.424921,-11331.440369,-36739.67412,-34215.245749,-32537.90379,-20384.947405,-45240.176647,0.0
-8315.6536,-13737.203328,-11340.917509,-36757.466108,-34225.996938,-32545.346921,-20399.453688,-45235.773353,0.0
-8320.52628,-13741.561918,-11343.10798,-36760.595353,-34231.718985,-32548.744386,-20382.756934,-45224.70924,0.0
-8319.274583,-13717.533793,-11321.58325,-36754.068643,-34226.376918,-32535.132174,-20341.585021,-45200.770521,0.0
-8311.205603,-13719.277229,-11323.527852,-36750.939399,-34228.679148,-32536.897962,-20338.276963,-45207.16312,0.0
-8295.447623,-13735.102264,-11341.655116,-36735.382585,-34219.984319,-32538.753157,-20361.478074,-45205.643202,0.0
-8294.12887,-13742.947727,-11360.519989,-36737.863629,-34218.978491,-32549.549049,-20380.968795,-45224.441019,0.0
-8312.32319,-13750.480264,-11375.048622,-36754.850954,-34229.662625,-32558.132119,-20375.13499,-45234.231083,0.0
-8310.222126,-13736.689238,-11359.022422,-36749.28537,-34219.760802,-32545.101052,-20340.959172,-45219.300117,0.0
-8289.569114,-13730.967192,-11348.338288,-36734.108536,-34221.6607,-32540.85422,-20349.050504,-45213.198091,0.0
-8294.218277,-13731.749503,-11343.040924,-36735.270826,-34222.55477,-32538.127308,-20359.980507,-45212.661649,0.0
-8289.278542,-13721.98179,-11330.479244,-36740.232914,-34209.076668,-32523.665729,-20346.077722,-45195.093178,0.0
-8287.84803,-13717.265572,-11334.122578,-36746.133774,-34220.207837,-32531.064156,-20345.965963,-45188.991152,0.0
-8283.48944,-13713.085796,-11334.815482,-36726.464239,-34218.285587,-32531.265322,-20332.73373,-45186.085425,0.0
-8267.910274,-13706.60379,-11324.1537,-36710.169817,-34205.522741,-32519.664767,-20310.493745,-45181.413911,0.0
-8275.442812,-13703.720415,-11325.159529,-36714.729573,-34210.574235,-32520.581188,-20308.213867,-45178.552887,0.0
-8283.467088,-13706.22381,-11331.306259,-36729.03469,-34218.732622,-32527.376119,-20320.440271,-45176.273009,0.0
-8286.931609,-13717.10911,-11336.558919,-36749.978274,-34225.751069,-32532.606427,-20339.215736,-45176.876506,0.0
-8271.173629,-13701.976979,-11325.718322,-36724.586692,-34218.062069,-32518.077793,-20337.002914,-45165.566524,0.0
-8266.099783,-13699.562991,-11320.733883,-36709.096933,-34205.723906,-32505.449057,-20314.718224,-45161.274989,0.0
-8270.637187,-13706.849659,-11322.633782,-36716.74123,-34199.197197,-32503.079772,-20312.125422,-45170.729777,0.0
-8275.353405,-13710.336531,-11324.041942,-36713.991966,-34193.117522,-32503.035069,-20295.585131,-45172.920248,0.0
-8264.870437,-13707.587267,-11320.242145,-36715.355422,-34189.474188,-32497.15656,-20317.601599,-45167.287608,0.0
-8260.668309,-13696.076118,-11306.965209,-36708.314622,-34183.72979,-32480.415103,-20321.915486,-45144.533532,0.0
-8259.66248,-13689.795278,-11301.623142,-36709.812189,-34180.041752,-32475.251851,-20295.719242,-45134.788172,0.0
-8275.688681,-13711.968209,-11320.756235,-36721.546855,-34190.14474,-32494.317889,-20307.319797,-45160.895009,0.0
-8299.537992,-13740.667849,-11340.403419,-36734.756736,-34203.131104,-32511.215807,-20353.520853,-45191.852175,0.0
-8296.274638,-13734.498767,-11332.401494,-36722.88796,-34186.747275,-32495.502531,-20336.06414,-45175.289533,0.0
-8276.672158,-13711.029436,-11311.413206,-36708.113457,-34167.815348,-32472.81551,-20303.430593,-45151.842553,0.0
-8256.309719,-13704.323912,-11305.221773,-36705.72182,-34163.166185,-32466.512318,-20291.047727,-45148.042756,0.0
-8257.784934,-13707.654322,-11305.892325,-36707.241739,-34164.306124,-32466.53467,-20287.136172,-45157.31873,0.0
-8282.97535,-13716.460909,-11311.010875,-36720.228102,-34171.726903,-32470.75915,-20292.344128,-45159.24098,0.0
-8299.850917,-13733.157663,-11323.192575,-36730.19698,-34184.109769,-32480.3704,-20320.663788,-45163.264294,0.0
-8286.81985,-13721.937087,-11313.715436,-36724.452582,-34176.241955,-32471.13913,-20305.509306,-45149.450916,0.0
-8260.489495,-13698.221886,-11291.85543,-36699.888015,-34153.219659,-32449.346179,-20299.451983,-45135.190503,0.0
-8272.402975,-13703.675712,-11293.755328,-36703.330183,-34148.794013,-32451.067263,-20286.935006,-45153.787154,0.0
-8283.422385,-13699.965322,-11290.760194,-36717.6353,-34148.190516,-32451.961333,-20278.061363,-45159.196277,0.0
-8277.990911,-13711.34236,-11303.858316,-36712.427343,-34159.433443,-32457.795138,-20303.676463,-45159.576256,0.0
-8278.147373,-13728.530851,-11319.772758,-36698.54691,-34169.022342,-32466.735836,-20311.521925,-45151.887256,0.0
-8283.645902,-13728.352037,-11320.532718,-36721.368041,-34169.536432,-32467.138167,-20305.196381,-45144.689994,0.0
-8278.013263,-13721.110072,-11313.938953,-36717.545893,-34155.723054,-32459.404464,-20291.450058,-45138.61032,0.0
-8277.789745,-13716.617372,-11305.82527,-36712.226178,-34151.118595,-32450.731987,-20294.512247,-45141.001957,0.0
-8268.871399,-13704.145098,-11288.748537,-36702.927852,-34143.317836,-32433.543495,-20296.412146,-45126.31686,0.0
-8280.360196,-13700.859392,-11281.618331,-36709.454561,-34143.876629,-32428.179077,-20291.025375,-45131.524817,0.0
-8281.433079,-13697.394871,-11277.50561,-36710.97448,-34142.401414,-32429.967216,-20293.975806,-45151.306111,0.0
-8301.370835,-13707.609619,-11286.669825,-36734.264998,-34160.863955,-32441.478365,-20309.554971,-45162.616093,0.0
-8299.537992,-13707.028473,-11283.428822,-36740.143507,-34163.993199,-32437.767975,-20315.43348,-45159.866829,0.0
-8288.406824,-13693.14804,-11274.644586,-36717.523541,-34149.688083,-32430.034271,-20309.15264,-45149.897951,0.0
-8281.120155,-13700.658226,-11279.293749,-36708.895768,-34134.287731,-32430.056623,-20301.687157,-45138.386802,0.0
-8288.160954,-13704.793299,-11279.94195,-36709.208692,-34128.811554,-32429.207257,-20296.859181,-45128.954366,0.0
-8315.854766,-13718.696084,-11300.505555,-36735.024957,-34161.154528,-32450.284952,-20323.256591,-45153.34012,0.0
-8303.09192,-13718.65138,-11297.733938,-36723.893788,-34156.795938,-32444.138222,-20320.462623,-45155.821163,0.0
-8289.278542,-13707.944895,-11286.133383,-36708.292271,-34149.576324,-32431.800059,-20302.581227,-45134.184675,0.0
-8276.292178,-13685.45904,-11270.375403,-36704.939509,-34142.937856,-32415.304472,-20284.744535,-45115.208043,0.0
-8301.013208,-13692.097508,-11270.777735,-36727.872399,-34148.74931,-32418.47842,-20299.519038,-45133.581177,0.0
-8318.60403,-13707.900191,-11279.338453,-36731.359271,-34144.725996,-32424.37928,-20301.888323,-45143.125372,0.0
-8311.205603,-13707.810784,-11281.394813,-36725.480762,-34138.422804,-32426.592103,-20302.983559,-45152.06607,0.0
-8318.916955,-13717.153813,-11288.927351,-36734.957902,-34151.498574,-32434.258751,-20329.939762,-45168.33814,0.0
-8336.530129,-13716.282095,-11286.558066,-36746.044367,-34160.059292,-32431.576542,-20327.928105,-45161.520858,0.0
-8326.337734,-13714.851584,-11285.082851,-36745.195001,-34154.314894,-32429.162553,-20315.679349,-45145.517009,0.0
-8321.219185,-13714.382197,-11287.206267,-36733.125059,-34141.529696,-32427.396766,-20318.093338,-45144.578236,0.0
-8329.690496,-13722.987619,-11291.900133,-36738.757698,-34146.111804,-32429.453126,-20335.460643,-45159.933884,0.0
-8335.032563,-13713.868107,-11280.254874,-36737.662463,-34140.747385,-32419.685414,-20322.742501,-45144.75705,0.0
-8323.968449,-13686.688386,-11253.388077,-36722.820905,-34123.491838,-32397.870111,-20304.235256,-45130.429581,0.0
-8313.708998,-13687.403642,-11257.90313,-36722.128001,-34121.636644,-32397.378373,-20298.669672,-45139.705555,0.0
-8315.564193,-13705.642665,-11273.79522,-36727.805344,-34125.481144,-32406.006146,-20307.61037,-45147.103983,0.0
-8344.912034,-13733.962325,-11299.209154,-36758.851917,-34149.442214,-32432.716481,-20334.208946,-45173.300227,0.0
-8348.398906,-13718.271401,-11280.232523,-36753.800422,-34142.669635,-32418.456068,-20320.909658,-45164.784213,0.0
-8342.833321,-13709.174241,-11270.062479,-36741.931646,-34134.064214,-32410.834123,-20333.024303,-45158.995111,0.0
-8338.0724,-13709.978904,-11272.409412,-36732.87919,-34131.06908,-32412.354042,-20337.628762,-45155.172963,0.0
-8333.266775,-13708.280171,-11275.315139,-36731.269864,-34133.907751,-32414.544513,-20330.856184,-45158.481021,0.0
-8346.074324,-13717.422034,-11282.89238,-36741.417556,-34139.763908,-32416.533818,-20333.851318,-45147.886294,0.0
-8345.582586,-13712.281133,-11278.377328,-36745.44087,-34140.479164,-32412.577559,-20333.516041,-45132.865922,0.0
-8370.862409,-13725.669828,-11292.257761,-36766.07153,-34154.560763,-32429.11785,-20344.758969,-45181.860945,0.0
-8367.688461,-13714.449252,-11280.009005,-36758.874268,-34142.133193,-32419.88658,-20344.423693,-45180.452786,0.0
-8350.254101,-13701.239371,-11262.39583,-36742.937475,-34124.765888,-32406.520236,-20333.605448,-45164.225419,0.0
-8335.792522,-13696.523153,-11260.093601,-36731.918065,-34114.79701,-32399.278271,-20326.810518,-45162.012596,0.0
-8349.360031,-13711.699988,-11273.41524,-36744.680911,-34117.121591,-32404.508579,-20332.398454,-45170.103928,0.0
-8359.127743,-13717.712607,-11277.080927,-36746.647864,-34117.948606,-32405.179132,-20337.98639,-45166.974684,0.0
-8363.285168,-13724.485186,-11288.614427,-36757.846088,-34138.959246,-32416.757335,-20341.965001,-45166.125317,0.0
-8369.476601,-13730.900136,-11296.593999,-36763.903411,-34150.448042,-32425.943902,-20346.167129,-45172.56262,0.0
-8346.454304,-13699.741805,-11263.468714,-36739.785879,-34120.899036,-32399.345326,-20319.389739,-45145.047622,0.0
-8333.602051,-13675.624272,-11238.099484,-36719.602253,-34097.49676,-32380.234585,-20303.408242,-45135.816352,0.0
-8335.881929,-13691.941046,-11252.114028,-36722.172704,-34108.51617,-32389.376448,-20312.460698,-45155.932922,0.0
-8342.788618,-13681.502781,-11248.560101,-36742.289274,-34114.148809,-32386.269556,-20315.411128,-45153.451878,0.0
-8348.912996,-13692.879819,-11259.244234,-36744.390338,-34111.645414,-32389.197634,-20316.036977,-45138.655023,0.0
-8362.793429,-13726.809767,-11292.034244,-36761.042388,-34128.38687,-32411.862303,-20334.52187,-45150.501448,0.0
-8355.506761,-13722.093549,-11289.5532,-36746.625512,-34116.227521,-32407.391954,-20326.363483,-45149.987358,0.0
-8354.635043,-13715.499784,-11283.540581,-36741.641073,-34115.713431,-32409.940053,-20325.04473,-45152.289588,0.0
-8350.63408,-13712.348188,-11283.853505,-36739.562361,-34120.630815,-32410.677661,-20323.793033,-45153.585989,0.0
-8338.58649,-13690.287017,-11259.95949,-36732.230989,-34113.657071,-32392.572748,-20308.63855,-45144.041794,0.0
-8341.469865,-13690.823459,-11263.491066,-36741.126983,-34121.07785,-32398.630071,-20319.903829,-45154.144782,0.0
-8344.107371,-13704.458023,-11278.131459,-36735.069661,-34120.988443,-32408.442486,-20326.45289,-45155.888218,0.0
-8346.633118,-13714.449252,-11287.385081,-36739.987044,-34125.056461,-32413.158704,-20321.334341,-45151.350814,0.0
-8342.967432,-13703.608656,-11275.806877,-36741.685777,-34114.886417,-32397.154855,-20309.130288,-45142.387765,0.0
-8351.438743,-13699.607694,-11272.029432,-36743.183344,-34115.735783,-32395.880806,-20320.68614,-45149.62973,0.0
-8350.075287,-13695.114993,-11268.877836,-36740.769355,-34114.28292,-32398.317146,-20325.42471,-45148.154515,0.0
-8347.013098,-13701.21702,-11273.549351,-36740.7023,-34111.243082,-32402.094591,-20328.263382,-45146.880465,0.0
-8350.745839,-13701.194668,-11279.56197,-36741.462259,-34104.246986,-32404.419172,-20328.218678,-45147.662776,0.0
-8355.171484,-13700.412357,-11281.014834,-36740.389376,-34109.633757,-32408.643652,-20330.140928,-45155.284721,0.0
-8366.861447,-13710.560049,-11292.257761,-36755.901486,-34136.724071,-32422.099402,-20338.299315,-45170.953294,0.0
-8384.116993,-13716.483261,-11299.589133,-36774.900469,-34156.818289,-32428.983739,-20348.447007,-45178.821108,0.0
-8365.229769,-13699.607694,-11284.747575,-36751.878172,-34135.025339,-32409.448315,-20335.438291,-45163.957198,0.0
-8357.853694,-13692.969226,-11283.674691,-36743.608027,-34117.658033,-32399.993527,-20320.596733,-45144.332367,0.0
-8345.269662,-13693.617427,-11282.847677,-36737.37189,-34113.590016,-32396.506655,-20313.757099,-45132.798866,0.0
-8355.730278,-13694.086813,-11281.081889,-36738.310663,-34117.74744,-32400.015879,-20327.659884,-45152.133125,0.0
-8361.809952,-13681.23456,-11266.910883,-36743.384509,-34117.859199,-32395.366716,-20335.41594,-45167.108794,0.0
-8353.338641,-13674.886665,-11259.244234,-36745.552629,-34113.321795,-32393.131541,-20335.527698,-45165.410062,0.0
-8346.074324,-13671.600958,-11257.813723,-36736.991911,-34100.402486,-32385.800169,-20326.899925,-45150.881428,0.0
-8354.277415,-13680.58636,-11273.191723,-36741.574018,-34115.221693,-32393.913852,-20326.676408,-45149.495619,0.0
-8350.187045,-13677.747688,-11272.096488,-36736.008434,-34112.740649,-32390.29287,-20311.723091,-45139.370279,0.0
-8335.345487,-13666.013022,-11261.814685,-36716.584768,-34092.355858,-32382.559166,-20291.3383,-45122.986451,0.0
-8351.170522,-13675.914845,-11272.074136,-36729.325262,-34103.352917,-32390.605794,-20315.969922,-45143.86298,0.0
-8365.430935,-13681.323967,-11276.365671,-36742.043405,-34115.244045,-32397.490132,-20326.877573,-45153.429526,0.0
-8365.967377,-13685.347281,-11283.004139,-36749.732405,-34128.900961,-32405.179132,-20332.912544,-45159.218628,0.0
-8363.888665,-13688.297711,-11290.424918,-36753.956885,-34127.73867,-32407.235492,-20328.285733,-45160.850306,0.0
-8357.004327,-13681.592188,-11288.904999,-36746.424347,-34113.90294,-32404.732097,-20320.529678,-45156.916399,0.0
-8355.149133,-13687.783621,-11293.040072,-36749.531239,-34122.977748,-32410.007108,-20318.652131,-45156.447012,0.0
-8358.70306,-13681.413374,-11289.061462,-36749.017149,-34133.147792,-32410.856475,-20328.24103,-45153.675396,0.0
-8353.159827,-13667.108258,-11277.952645,-36738.578884,-34121.748402,-32399.501789,-20329.671541,-45153.071899,0.0
-8373.05288,-13678.641758,-11283.495877,-36747.7431,-34129.415051,-32411.728193,-20341.227393,-45175.244829,0.0
-8375.623331,-13677.635929,-11281.685386,-36755.923838,-34136.746423,-32416.422059,-20345.094245,-45175.356588,0.0
-8363.843961,-13671.086868,-11277.595017,-36750.604123,-34126.509324,-32403.167475,-20331.303219,-45157.095213,0.0
-8367.464944,-13678.954682,-11289.396738,-36755.007417,-34125.570551,-32404.754449,-20328.844527,-45156.581122,0.0
-8359.306557,-13672.807953,-11286.423956,-36744.636207,-34119.245007,-32402.698088,-20327.123443,-45155.865867,0.0
-8351.975185,-13662.861426,-11281.841848,-36742.266922,-34117.456867,-32407.660175,-20324.195364,-45158.145745,0.0
-8351.483447,-13663.867255,-11281.283055,-36742.758661,-34118.820324,-32403.189826,-20324.240068,-45148.22157,0.0
-8348.57772,-13656.714696,-11268.810781,-36727.782992,-34109.007908,-32387.253033,-20312.348939,-45146.522837,0.0
-8365.632101,-13667.532941,-11283.294712,-36741.21639,-34115.244045,-32400.954652,-20323.167184,-45162.303169,0.0
-8374.885723,-13667.242368,-11283.652339,-36746.178478,-34113.925292,-32402.988661,-20326.922277,-45167.645236,0.0
-8373.008176,-13672.204455,-11289.597903,-36754.202754,-34120.407298,-32409.984757,-20345.787149,-45170.975646,0.0
-8352.55633,-13659.083981,-11278.287921,-36739.204733,-34113.612367,-32393.578576,-20330.275039,-45150.210875,0.0
-8350.477618,-13650.99265,-11276.365671,-36733.795611,-34115.378155,-32391.343402,-20324.53064,-45151.194352,0.0
-8352.779848,-13662.570854,-11288.793241,-36739.227085,-34116.294577,-32402.943957,-20328.330437,-45160.000939,0.0
-8379.065499,-13672.65149,-11299.67854,-36762.450548,-34130.867914,-32419.216027,-20347.955268,-45179.804585,0.0
-8361.966415,-13656.222958,-11289.597903,-36740.098803,-34115.132286,-32404.307414,-20331.303219,-45158.525724,0.0
-8335.345487,-13647.259909,-11282.5124,-36723.714974,-34096.043896,-32387.364791,-20308.057405,-45138.051526,0.0
-8353.428048,-13660.536845,-11292.481278,-36733.169762,-34105.766905,-32398.920643,-20321.446099,-45158.056338,0.0
-8363.776906,-13658.480484,-11284.322892,-36734.019129,-34114.774658,-32392.058658,-20328.732768,-45169.612189,0.0
-8369.767174,-13645.181196,-11272.163543,-36746.200829,-34118.708565,-32390.628146,-20341.674428,-45174.306056,0.0
-8366.39206,-13642.92367,-11272.364708,-36750.782937,-34124.855295,-32387.700067,-20343.417864,-45176.697692,0.0
-8374.796316,-13665.901263,-11294.202363,-36752.10169,-34130.823211,-32407.861341,-20343.909603,-45183.20205,0.0
-8381.367729,-13680.496953,-11316.710569,-36751.229972,-34131.091432,-32426.927379,-20339.819233,-45182.755015,0.0
-8368.895455,-13672.740897,-11312.530793,-36744.747966,-34124.899998,-32419.327786,-20334.544222,-45169.36632,0.0
-8367.084964,-13661.877949,-11304.640627,-36746.804326,-34122.709527,-32417.226722,-20343.887251,-45158.168096,0.0
-8360.714717,-13650.433856,-11291.229581,-36741.752832,-34113.187684,-32403.949786,-20343.261402,-45159.553904,0.0
-8362.92754,-13647.14815,-11282.959435,-36737.148373,-34111.824228,-32401.44639,-20334.968905,-45176.384768,0.0
-8354.702098,-13631.859557,-11264.720412,-36732.298044,-34104.872835,-32386.269556,-20331.504384,-45160.895009,0.0
-8350.969356,-13621.644809,-11259.914787,-36739.540009,-34108.180893,-32382.290945,-20334.365408,-45149.339157,0.0
-8369.074269,-13639.548557,-11283.473525,-36758.047254,-34130.0409,-32402.094591,-20350.056332,-45167.779346,0.0
-8360.155923,-13650.143284,-11291.47545,-36738.936512,-34116.629853,-32398.607719,-20340.6686,-45168.382844,0.0
-8372.717604,-13667.689403,-11311.703779,-36748.480707,-34123.871818,-32408.733059,-20345.965963,-45181.413911,0.0
-8381.25597,-13665.565987,-11312.463738,-36757.399053,-34128.297463,-32410.610606,-20344.13312,-45181.950352,0.0
-8366.615578,-13643.236595,-11289.128517,-36745.753794,-34110.237254,-32387.051867,-20331.102053,-45161.498506,0.0
-8361.608787,-13636.50872,-11279.673729,-36738.355367,-34112.539484,-32392.460989,-20327.034036,-45165.141841,0.0
-8348.309499,-13624.662295,-11266.821476,-36727.313605,-34103.151751,-32386.493073,-20326.274076,-45165.588875,0.0
-8360.178275,-13630.116121,-11277.438554,-36739.16003,-34109.052611,-32390.382277,-20343.149643,-45174.015483,0.0
-8377.523229,-13636.821644,-11285.127555,-36754.828603,-34127.023414,-32395.076143,-20353.766722,-45189.885222,0.0
-8377.344415,-13628.730312,-11281.014834,-36753.733367,-34121.703699,-32395.657289,-20352.515024,-45187.001847,0.0
-8365.855618,-13636.240499,-11290.670787,-36743.786841,-34112.226559,-32391.298698,-20347.552937,-45171.020349,0.0
-8365.073307,-13653.071362,-11309.66977,-36750.045329,-34117.926254,-32401.669908,-20352.962059,-45174.015483,0.0
-8374.282226,-13657.13938,-11312.709607,-36752.951056,-34126.285806,-32416.377356,-20354.929013,-45183.425568,0.0
-8367.979034,-13645.695286,-11302.87484,-36739.383547,-34122.083678,-32410.565902,-20333.024303,-45173.903724,0.0
-8364.380403,-13636.665182,-11292.593037,-36730.912236,-34116.048707,-32395.791399,-20320.663788,-45163.152535,0.0
-8358.233673,-13622.203603,-11282.311235,-36724.363175,-34101.408315,-32387.208329,-20315.612294,-45146.187561,0.0
-8365.788563,-13635.122911,-11299.455023,-36747.139603,-34119.02149,-32400.909948,-20340.959172,-45177.4353,0.0
-8398.377406,-13667.220016,-11323.192575,-36781.024847,-34137.662844,-32418.679585,-20379.471228,-45218.741324,0.0
-8397.572744,-13664.895435,-11316.822328,-36778.946135,-34134.935932,-32416.779687,-20379.158304,-45210.448827,0.0
-8368.560179,-13627.053932,-11280.187819,-36742.088108,-34108.180893,-32387.655364,-20349.296373,-45176.474175,0.0
-8351.52815,-13615.319266,-11271.291825,-36733.370928,-34104.001117,-32378.312335,-20338.723998,-45172.629675,0.0
-8364.715679,-13618.761434,-11277.058575,-36748.167783,-34111.690117,-32384.123788,-20345.250707,-45172.18264,0.0
-8388.363825,-13636.061685,-11297.286904,-36758.650751,-34114.864065,-32404.665042,-20360.248728,-45190.287553,0.0
-8386.821555,-13641.89549,-11305.534697,-36754.694492,-34116.272225,-32405.089725,-20353.319687,-45192.947411,0.0
-8379.758403,-13638.162749,-11303.634799,-36753.532201,-34113.433553,-32396.640765,-20349.944574,-45187.515937,0.0
-8389.682578,-13639.034467,-11301.869011,-36763.724597,-34121.279016,-32398.697126,-20367.513045,-45197.708332,0.0
-8388.721453,-13631.479577,-11292.838906,-36761.064739,-34126.017586,-32395.322012,-20364.272042,-45197.03778,0.0
-8383.535848,-13621.309533,-11283.875857,-36754.962713,-34120.429649,-32388.661192,-20355.733675,-45192.120396,0.0
-8376.651511,-13608.390225,-11271.269473,-36744.747966,-34108.292652,-32373.573765,-20343.23905,-45181.79389,0.0
-8371.823534,-13613.06174,-11279.159639,-36736.34371,-34101.073039,-32376.390085,-20338.388722,-45171.981474,0.0
-8379.087851,-13629.98201,-11293.308293,-36755.789728,-34111.98069,-32391.142236,-20357.052428,-45185.280762,0.0
-8383.088813,-13633.602993,-11298.851526,-36756.303818,-34106.973899,-32397.914815,-20354.101998,-45188.745283,0.0
-8380.697177,-13634.586469,-11307.211078,-36755.901486,-34113.76883,-32400.574672,-20346.994143,-45187.091254,0.0
-8391.448366,-13641.090827,-11310.295619,-36767.367931,-34121.815458,-32400.217044,-20364.227338,-45199.563527,0.0
-8386.262761,-13630.339638,-11298.002159,-36757.846088,-34115.981652,-32388.817655,-20352.179748,-45186.644219,0.0
-8378.43965,-13622.114196,-11291.363691,-36754.940361,-34112.271263,-32384.52612,-20343.037885,-45174.306056,0.0
-8391.805994,-13625.265792,-11293.755328,-36764.193984,-34115.221693,-32395.03144,-20355.510158,-45189.393483,0.0
-8396.678674,-13626.718655,-11294.738805,-36761.109443,-34115.847542,-32398.808884,-20359.108789,-45198.691809,0.0
-8393.616485,-13629.020885,-11299.499726,-36762.495251,-34120.809629,-32395.567882,-20358.728809,-45197.283649,0.0
-8385.279284,-13624.259964,-11299.276209,-36750.022978,-34110.125495,-32389.890538,-20353.923184,-45190.89105,0.0
-8382.395909,-13610.156013,-11286.155735,-36747.720748,-34104.4258,-32380.592213,-20343.283754,-45184.118472,0.0
-8389.369653,-13617.152109,-11290.559028,-36760.595353,-34107.465638,-32381.083951,-20349.51989,-45190.019332,0.0
-8388.788508,-13617.174461,-11289.776717,-36756.728501,-34101.698888,-32376.479492,-20349.072856,-45186.420701,0.0
-8391.716587,-13625.064626,-11295.968151,-36752.124042,-34105.31987,-32381.888614,-20343.641382,-45189.371132,0.0
-8401.797223,-13633.602993,-11302.919543,-36763.25521,-34109.969033,-32391.902195,-20364.584966,-45199.071789,0.0
-8406.893421,-13626.070455,-11293.285941,-36771.279487,-34118.12742,-32380.68162,-20381.639347,-45200.859928,0.0
-8406.602848,-13623.902336,-11292.771851,-36767.814966,-34120.653167,-32379.586384,-20372.855112,-45204.749132,0.0
-8398.578572,-13630.965487,-11304.014779,-36758.315475,-34116.629853,-32391.365754,-20368.004783,-45202.402199,0.0
-8377.746746,-13630.853728,-11306.428767,-36741.685777,-34095.663917,-32384.481416,-20362.305088,-45196.836614,0.0
-8355.015022,-13617.487385,-11296.459889,-36724.452582,-34085.784445,-32370.980963,-20350.27985,-45182.710312,0.0
-8335.457246,-13608.256115,-11287.474488,-36715.780105,-34082.789312,-32364.454253,-20335.125367,-45172.584971,0.0
-8319.833376,-13602.087033,-11277.416203,-36698.792779,-34075.770864,-32359.022779,-20319.210925,-45171.981474,0.0
-8310.870327,-13583.870361,-11258.685441,-36697.474026,-34068.685361,-32342.594247,-20317.311027,-45167.153498,0.0
-8322.381475,-13590.531181,-11272.521171,-36709.163989,-34076.955506,-32348.696273,-20324.307123,-45163.08548,0.0
-8341.313403,-13607.786728,-11298.292732,-36722.686794,-34090.590071,-32368.723436,-20332.08553,-45167.153498,0.0
-8358.412487,-13615.587487,-11301.690197,-36735.695509,-34099.351954,-32373.238489,-20351.509196,-45186.599515,0.0
-8376.919732,-13621.086016,-11300.05852,-36744.792669,-34095.865082,-32377.641782,-20364.24969,-45204.883242,0.0
-8378.864333,-13613.754644,-11296.057558,-36744.859725,-34089.003097,-32370.444521,-20363.042696,-45200.167024,0.0
-8375.064537,-13593.727481,-11278.958473,-36740.32232,-34080.867062,-32350.886744,-20346.904736,-45181.056283,0.0
-8369.700118,-13591.425251,-11273.012909,-36735.069661,-34080.688248,-32345.432919,-20338.478129,-45176.831803,0.0
-8376.115069,-13597.728443,-11274.711642,-36740.478783,-34093.27228,-32351.669055,-20351.844472,-45182.151518,0.0
-8377.612636,-13596.879077,-11272.543522,-36744.92678,-34096.557986,-32352.786643,-20352.738542,-45185.459576,0.0
-8386.396871,-13610.915972,-11291.587209,-36758.695454,-34105.453981,-32366.108282,-20370.508179,-45194.60144,0.0
-8399.293828,-13622.29301,-11308.105148,-36767.323228,-34103.285861,-32378.044114,-20377.660737,-45197.306001,0.0
-8392.588305,-13614.112272,-11297.711587,-36755.677969,-34097.519111,-32373.260841,-20367.490693,-45194.713199,0.0
-8394.845831,-13616.705074,-11299.343264,-36760.975332,-34106.884492,-32372.47853,-20369.278833,-45206.850196,0.0
-8389.995502,-13607.540859,-11291.766023,-36757.86844,-34095.954489,-32362.688465,-20359.041734,-45199.965858,0.0
-8395.695197,-13614.156975,-11296.683406,-36761.534126,-34102.950585,-32370.265707,-20363.422676,-45206.425513,1.0
-8394.510555,-13607.876135,-11287.027453,-36751.677007,-34104.179931,-32363.940163,-20370.239958,-45201.418722,0.0
-8393.214153,-13604.948056,-11285.619293,-36756.639094,-34097.005021,-32361.21325,-20372.206911,-45197.373056,0.0
-8392.27538,-13610.781862,-11295.275247,-36755.901486,-34089.472483,-32365.638896,-20371.335193,-45200.345838,0.0
-8398.712683,-13607.987894,-11294.090604,-36755.029768,-34093.138169,-32365.929468,-20362.930937,-45205.307925,0.0
-8395.695197,-13598.041367,-11283.607636,-36752.705187,-34099.486065,-32363.113149,-20358.661754,-45200.994039,0.0
-8388.520287,-13600.164783,-11283.40647,-36749.598294,-34097.563815,-32358.441634,-20362.729771,-45194.60144,0.0
-8384.58638,-13610.088958,-11294.895267,-36746.625512,-34089.56189,-32358.12871,-20355.599565,-45190.444015,0.0
-8398.153889,-13619.677856,-11305.713511,-36752.772242,-34096.960318,-32367.605849,-20366.708382,-45199.317658,0.0
-8400.47847,-13617.93442,-11303.143061,-36752.660483,-34107.465638,-32369.483396,-20371.134027,-45200.971687,0.0
-8399.852622,-13612.30178,-11295.096433,-36767.658504,-34105.521036,-32363.582535,-20374.956176,-45206.358457,0.0
-8405.127633,-13617.576792,-11294.381177,-36772.330019,-34100.134265,-32363.671942,-20374.933824,-45216.282632,0.0
-8404.211212,-13615.296914,-11297.063386,-36766.987952,-34103.844655,-32367.270573,-20370.262309,-45213.019277,0.0
-8402.892459,-13618.06853,-11307.211078,-36765.400978,-34101.520074,-32374.959573,-20370.977565,-45212.41578,0.0
-8405.015875,-13621.287182,-11310.519136,-36756.773204,-34092.512321,-32376.434788,-20374.419734,-45210.582937,0.0
-8403.987694,-13612.100615,-11301.064348,-36748.212486,-34096.759152,-32370.31041,-20371.961042,-45207.945431,0.0
-8391.962456,-13604.076338,-11297.689235,-36754.336864,-34101.922405,-32373.394951,-20368.451818,-45205.196167,0.0
-8397.572744,-13625.891641,-11313.715436,-36767.569097,-34110.371364,-32380.860434,-20377.750144,-45209.040667,0.0
-8415.029456,-13644.868272,-11323.326686,-36775.68278,-34116.71926,-32379.564033,-20388.680147,-45218.18253,0.0
-8408.748616,-13641.850786,-11322.276154,-36770.340713,-34114.193513,-32375.361905,-20379.359469,-45212.907518,0.0
-8405.060578,-13625.936344,-11312.933125,-36766.160937,-34101.542425,-32371.092721,-20371.178731,-45201.619888,0.0
-8417.622258,-13630.898432,-11317.895212,-36767.814966,-34103.107047,-32383.095608,-20376.476094,-45210.001792,0.0
-8399.986732,-13619.074359,-11302.248991,-36753.398091,-34098.100257,-32369.237527,-20366.104885,-45208.258356,0.0
-8381.390081,-13601.505888,-11284.769927,-36741.328149,-34088.377248,-32353.837175,-20354.571385,-45197.775387,0.0
-8392.677712,-13610.066606,-11295.029377,-36751.252324,-34093.27228,-32362.10732,-20364.070876,-45204.86089,0.0
-8402.624238,-13631.568984,-11309.826232,-36766.742082,-34103.01764,-32372.143253,-20375.157341,-45213.086332,0.0
-8409.642686,-13638.632135,-11314.229526,-36767.837318,-34109.633757,-32375.294849,-20381.080554,-45221.222367,0.0
-8405.798186,-13627.791539,-11306.294657,-36753.085167,-34106.862141,-32368.76814,-20366.954251,-45212.818112,0.0
-8402.668941,-13626.271621,-11304.260648,-36761.154146,-34108.113838,-32367.047056,-20370.150551,-45211.298193,0.0
-8400.389063,-13622.494176,-11298.739767,-36758.24842,-34095.887434,-32363.1355,-20375.626728,-45213.533367,0.0
-8395.136403,-13618.292048,-11298.091566,-36752.548725,-34093.294632,-32358.531041,-20373.302147,-45210.024143,0.0
-8411.162604,-13638.676839,-11323.214927,-36760.952981,-34104.336393,-32377.8653,-20378.912434,-45215.925004,0.0
-8403.048921,-13635.771112,-11315.861203,-36760.260077,-34100.916576,-32371.495053,-20368.205949,-45208.57128,0.0
-8414.001276,-13639.012115,-11311.010875,-36767.792614,-34104.582263,-32371.115073,-20383.561597,-45221.043553,0.0
-8411.341418,-13639.772074,-11305.467642,-36757.711978,-34101.251853,-32367.471739,-20378.018365,-45220.797684,0.0
-8402.199555,-13636.151092,-11306.428767,-36742.021053,-34094.523978,-32365.124806,-20356.001896,-45208.906556,0.0
-8409.530927,-13641.113179,-11318.141081,-36761.154146,-34108.069135,-32374.132559,-20371.558711,-45213.913347,0.0
-8406.647552,-13640.889661,-11317.559936,-36766.004475,-34105.163408,-32374.087855,-20379.538283,-45214.315678,0.0
-8399.047959,-13633.535937,-11307.166375,-36757.466108,-34094.747495,-32368.455216,-20378.912434,-45216.103818,0.0
-8402.534831,-13622.315362,-11296.146965,-36750.537068,-34087.997268,-32358.665151,-20367.535397,-45206.090236,0.0
-8409.597982,-13635.793464,-11310.921468,-36760.662408,-34104.179931,-32367.427035,-20373.503312,-45212.505187,0.0
-8413.017799,-13649.629194,-11324.801901,-36770.653638,-34110.639585,-32377.552376,-20379.203007,-45219.389524,0.0
-8414.783587,-13653.831321,-11327.662924,-36766.540917,-34107.175065,-32377.440617,-20379.717097,-45224.306908,0.0
-8412.235488,-13648.735124,-11323.550203,-36760.036559,-34105.364574,-32372.813806,-20374.062106,-45221.647051,0.0
-8410.782625,-13646.432894,-11324.332514,-36758.159013,-34099.150789,-32372.120902,-20377.794847,-45222.9211,0.0
-8411.252011,-13653.965432,-11331.440369,-36761.71294,-34105.476332,-32378.267631,-20382.600472,-45228.486684,0.0
-8417.711665,-13651.909071,-11324.824253,-36758.628399,-34104.448152,-32375.026628,-20380.789981,-45228.486684,0.0
-8413.017799,-13630.451397,-11299.052691,-36754.694492,-34096.043896,-32356.966419,-20373.078629,-45217.601385,0.0
-8414.090683,-13624.774054,-11291.587209,-36762.696417,-34094.948661,-32355.468852,-20374.665603,-45217.28846,0.0
-8406.200517,-13620.147243,-11289.642607,-36758.717806,-34087.773751,-32354.574782,-20365.859016,-45205.933774,0.0
-8404.792357,-13623.455301,-11296.929276,-36754.292161,-34088.868986,-32360.229774,-20372.139856,-45211.924042,0.0
-8428.01582,-13638.475673,-11308.887459,-36771.301838,-34110.326661,-32371.986791,-20397.710252,-45240.243702,0.0
-8436.509482,-13653.920728,-11323.349038,-36780.555461,-34114.148809,-32374.981925,-20399.788964,-45243.462353,0.0
-8428.932241,-13659.843941,-11333.832006,-36778.610859,-34110.214902,-32375.674829,-20387.56256,-45231.50417,0.0
-8420.438578,-13649.293917,-11324.220756,-36769.491347,-34103.218806,-32364.230736,-20381.102905,-45221.624699,0.0
-8416.147043,-13641.984897,-11315.257706,-36766.742082,-34097.027373,-32364.811881,-20383.494542,-45227.167931,0.0
-8418.225755,-13637.469845,-11304.975904,-36761.377664,-34083.973954,-32366.935297,-20382.041679,-45231.750039,0.0
-8428.619317,-13640.509682,-11307.032264,-36765.915068,-34091.215919,-32362.375541,-20388.970719,-45233.024089,0.0
-8439.146988,-13651.819664,-11321.180918,-36777.917955,-34100.402486,-32363.1355,-20390.825914,-45232.53235,0.0
-8437.269442,-13653.719563,-11327.439407,-36778.432045,-34088.578414,-32362.844928,-20382.06403,-45227.883187,0.0
-8415.454139,-13633.111254,-11303.52304,-36760.68476,-34073.826262,-32343.957704,-20364.517911,-45210.717048,0.0
-8426.697067,-13640.084999,-11308.932162,-36774.78871,-34093.093466,-32362.129672,-20382.779286,-45227.458504,0.0
-8454.770858,-13658.078153,-11324.444273,-36795.866405,-34115.534617,-32382.134483,-20405.75688,-45247.820943,0.0
-8437.76118,-13640.286164,-11306.317008,-36779.147301,-34089.56189,-32353.345436,-20387.271987,-45225.983289,0.0
-8419.119825,-13634.564118,-11300.95259,-36759.857745,-34060.929306,-32344.248276,-20372.698649,-45222.742286,0.0
-8419.276287,-13633.245365,-11300.662017,-36757.309646,-34068.841823,-32346.796375,-20368.720039,-45224.932757,0.0
-8424.461892,-13631.345467,-11301.064348,-36770.385417,-34089.472483,-32347.37752,-20374.75501,-45223.077562,0.0
-8435.771875,-13641.940193,-11306.674636,-36783.796463,-34091.215919,-32353.345436,-20392.591702,-45227.547911,0.0
-8427.211157,-13639.056818,-11304.819441,-36768.306705,-34080.576489,-32351.445538,-20386.489676,-45222.339955,0.0
-8434.855453,-13642.700153,-11308.149851,-36779.728446,-34090.746533,-32353.345436,-20393.128144,-45228.866664,0.0
-8433.246128,-13637.335734,-11302.025473,-36778.834376,-34092.75819,-32347.086948,-20384.321557,-45225.782123,0.0
-8438.252919,-13637.738065,-11302.785433,-36780.689571,-34096.7368,-32354.910058,-20384.969757,-45229.783086,0.0
-8432.620279,-13635.324077,-11299.343264,-36772.709998,-34084.30923,-32350.797337,-20382.801638,-45227.503208,0.0
-8415.431787,-13630.697266,-11296.526944,-36762.897582,-34073.759207,-32343.711834,-20373.72683,-45220.305946,0.0
-8400.590229,-13621.91303,-11289.329683,-36753.733367,-34060.772843,-32334.055881,-20359.734638,-45208.660687,0.0
-8408.703912,-13622.404769,-11290.402566,-36751.609951,-34059.31998,-32335.464041,-20360.226376,-45205.687905,0.0
-8406.982828,-13610.111309,-11276.566836,-36742.49044,-34053.486175,-32330.434898,-20360.338135,-45210.694696,0.0
-8405.261744,-13587.983082,-11250.325888,-36746.178478,-34049.820489,-32307.971395,-20354.034943,-45205.777312,0.0
-8402.177203,-13603.361082,-11265.145095,-36750.984103,-34060.638733,-32309.245444,-20356.761856,-45200.077617,0.0
-8404.457081,-13622.963562,-11288.860296,-36750.917047,-34063.522108,-32329.362014,-20349.788111,-45199.8541,0.0
-8399.494994,-13613.70994,-11277.974996,-36749.41948,-34054.693169,-32324.399927,-20338.321667,-45189.661704,0.0
-8406.647552,-13612.100615,-11273.236427,-36752.839297,-34050.871021,-32321.337738,-20347.32942,-45194.355571,0.0
-8428.954593,-13636.26285,-11296.459889,-36771.257135,-34067.478367,-32339.979093,-20375.894949,-45220.015373,0.0
-8431.592099,-13642.141359,-11312.039055,-36779.326115,-34091.081809,-32351.490241,-20386.042641,-45229.112533,0.0
-8420.416226,-13630.451397,-11303.366578,-36771.882984,-34088.064323,-32345.075291,-20369.63646,-45215.589728,0.0
-8396.611619,-13609.798385,-11281.685386,-36748.301893,-34061.465748,-32325.919846,-20344.378989,-45197.350704,0.0
-8403.428901,-13610.781862,-11283.697043,-36756.370873,-34064.460881,-32329.652587,-20357.030077,-45203.18451,0.0
-8393.884706,-13594.845068,-11263.826342,-36749.195963,-34066.092559,-32316.934445,-20356.895966,-45199.272954,0.0
-8391.314255,-13581.1658,-11245.810836,-36745.865553,-34070.406445,-32306.451476,-20354.593736,-45202.178681,0.0
-8394.778776,-13591.760527,-11257.947833,-36751.878172,-34067.232498,-32317.917921,-20352.738542,-45202.93864,0.0
-8384.742842,-13594.420385,-11262.596996,-36738.869457,-34033.30255,-32312.486447,-20337.807576,-45191.695713,0.0
-8400.590229,-13616.66037,-11288.726185,-36749.106556,-34058.403559,-32332.692424,-20350.682181,-45197.820091,0.0
-8396.231639,-13614.268734,-11288.01093,-36748.815983,-34069.020637,-32332.714776,-20346.033018,-45192.589783,0.0
-8396.186935,-13601.729405,-11272.029432,-36747.36312,-34067.768939,-32321.762421,-20342.635553,-45190.578126,0.0
-8404.501784,-13603.137565,-11276.030395,-36756.46028,-34085.71739,-32334.592323,-20354.705495,-45210.761751,0.0
-8402.735997,-13597.482574,-11267.424973,-36758.38253,-34085.851501,-32330.054919,-20361.478074,-45218.115475,0.0
-8402.847755,-13599.315417,-11270.665976,-36757.533164,-34084.264527,-32332.580666,-20358.907623,-45206.939603,0.0
-8389.257895,-13606.982065,-11283.250008,-36742.333978,-34065.533765,-32330.658416,-20341.629725,-45190.086387,0.0
-8381.747709,-13602.623475,-11281.663034,-36730.331091,-34057.665951,-32324.221113,-20335.706512,-45179.581068,0.0
-8369.074269,-13586.373757,-11267.827304,-36723.603216,-34053.55323,-32316.889741,-20325.134137,-45170.327445,0.0
-8386.329816,-13586.843143,-11264.519246,-36745.396166,-34061.979838,-32314.855732,-20335.661809,-45182.17387,0.0
-8382.909999,-13593.07928,-11270.643624,-36747.765451,-34063.410349,-32317.6497,-20341.137986,-45191.293382,0.0
-8404.613543,-13616.593315,-11295.342302,-36761.958809,-34086.298536,-32345.298808,-20364.361449,-45219.121303,0.0
-8415.387084,-13608.233763,-11284.546409,-36763.277562,-34086.454998,-32337.676863,-20366.104885,-45219.0766,0.0
-8401.149023,-13591.402899,-11266.4862,-36746.804326,-34069.646486,-32318.275549,-20350.860995,-45203.139806,0.0
-8393.817651,-13581.456373,-11259.333641,-36737.774222,-34058.604724,-32315.794506,-20345.474225,-45195.428454,0.0
-8398.265648,-13581.232855,-11260.831208,-36739.16003,-34062.337466,-32316.532113,-20340.512137,-45190.287553,0.0
-8386.463927,-13579.221198,-11257.947833,-36732.87919,-34062.181003,-32311.637081,-20334.745387,-45183.872602,0.0
-8400.031435,-13593.571018,-11270.174238,-36755.119175,-34078.698943,-32323.215285,-20353.923184,-45204.59267,0.0
-8420.997372,-13615.609838,-11298.091566,-36776.979181,-34103.107047,-32354.395968,-20372.184559,-45225.35744,0.0
-8420.907965,-13617.174461,-11304.528869,-36774.52049,-34102.190626,-32358.709855,-20368.205949,-45223.189321,0.0
-8419.723322,-13617.733254,-11306.048787,-36771.882984,-34103.442324,-32358.978076,-20367.848321,-45225.089219,0.0
-8388.900267,-13588.899504,-11278.779659,-36749.397129,-34080.867062,-32331.641892,-20339.528661,-45194.914364,0.0
-8390.241371,-13579.779992,-11271.515342,-36746.759623,-34075.770864,-32322.611788,-20338.433425,-45191.226326,0.0
-8388.989674,-13575.086126,-11269.57074,-36746.580809,-34074.988553,-32320.555427,-20339.930992,-45188.521765,0.0
-8397.215116,-13580.607007,-11271.604749,-36743.339806,-34072.015771,-32324.064651,-20341.965001,-45194.73555,0.0
-8380.071328,-13559.663422,-11248.895377,-36719.088163,-34038.957541,-32305.915035,-20324.687102,-45178.396425,0.0
-8388.855563,-13572.023937,-11257.52315,-36724.541989,-34046.288913,-32309.647776,-20343.484919,-45198.982382,0.0
-8413.397779,-13589.458297,-11275.650415,-36753.666312,-34071.36757,-32327.864448,-20357.544167,-45214.248623,0.0
-8409.709741,-13592.431079,-11283.987616,-36762.875231,-34083.929251,-32333.899419,-20352.246803,-45204.547966,0.0
-8408.368636,-13601.818812,-11298.158622,-36765.199812,-34092.869948,-32342.191916,-20354.146702,-45209.46535,0.0
-8398.9362,-13588.988911,-11290.737842,-36759.254248,-34092.2441,-32333.944122,-20348.111731,-45197.350704,0.0
-8392.096566,-13580.115268,-11280.992482,-36752.280504,-34085.538576,-32326.813916,-20343.462568,-45191.695713,0.0
-8397.371578,-13580.964635,-11280.009005,-36752.168745,-34083.705733,-32328.289131,-20348.961097,-45198.892975,0.0
-8396.678674,-13574.415573,-11275.158677,-36741.037576,-34072.306344,-32324.17641,-20342.859071,-45196.322524,0.0
-8392.364787,-13571.532198,-11273.370537,-36734.443812,-34067.970105,-32317.962625,-20338.791053,-45197.306001,0.0
-8387.335645,-13564.334937,-11265.59213,-36735.717861,-34061.130471,-32310.743011,-20337.33819,-45198.557699,0.0
-8398.355055,-13561.272748,-11265.010985,-36736.634283,-34057.062454,-32311.681785,-20338.321667,-45196.188414,0.0
-8404.524136,-13577.366004,-11285.820459,-36747.7431,-34065.444358,-32326.322177,-20343.641382,-45196.6578,0.0
-8402.512479,-13584.563265,-11291.564857,-36754.314513,-34066.87487,-32330.859581,-20347.08355,-45198.825919,0.0
-8387.02272,-13557.361192,-11260.540636,-36731.828658,-34047.898239,-32299.053049,-20325.022379,-45177.770576,0.0
-8395.762252,-13567.352422,-11271.403583,-36736.991911,-34065.109082,-32309.603072,-20333.739559,-45191.963934,0.0
-8398.489165,-13567.218312,-11274.711642,-36746.290236,-34066.003152,-32311.88295,-20337.449948,-45197.55187,0.0
-8399.740863,-13560.311623,-11272.342357,-36746.446698,-34053.307361,-32311.145343,-20337.651114,-45195.204937,0.0
-8403.630066,-13568.715879,-11273.504647,-36745.06089,-34052.346236,-32311.570026,-20342.479091,-45205.218518,0.0
-8397.483337,-13547.97346,-11251.018793,-36744.770318,-34043.696111,-32292.928671,-20333.091358,-45194.176757,0.0
-8399.919677,-13552.600271,-11257.210226,-36739.316492,-34040.186887,-32298.516607,-20333.471338,-45194.914364,0.0
-8407.13929,-13562.45739,-11271.403583,-36744.166821,-34052.480346,-32312.844075,-20341.339152,-45194.22146,0.0
-8424.797168,-13580.227027,-11291.251933,-36767.09971,-34077.491948,-32328.512648,-20360.136969,-45212.482835,0.0
-8427.412322,-13576.449582,-11289.150869,-36770.541879,-34079.43655,-32327.037433,-20361.478074,-45217.422571,0.0
-8425.423017,-13566.368945,-11281.640682,-36761.042388,-34074.295649,-32319.750764,-20354.459626,-45210.135902,0.0
-8404.345322,-13557.383544,-11273.035261,-36744.367986,-34064.885564,-32309.334851,-20340.087454,-45197.887146,0.0
-8407.362808,-13554.701335,-11273.750517,-36754.67214,-34062.024541,-32312.441744,-20343.686085,-45202.29044,0.0
-8424.30543,-13562.658556,-11284.524057,-36762.22703,-34066.249021,-32322.500029,-20352.738542,-45212.594594,0.0
-8430.429808,-13567.128905,-11290.491973,-36764.171632,-34063.343294,-32325.226942,-20359.913452,-45220.462408,0.0
-8435.45895,-13562.882073,-11287.608598,-36761.623533,-34066.472538,-32325.763384,-20366.149588,-45223.30108,0.0
-8437.11298,-13567.039498,-11294.828212,-36766.876193,-34081.023524,-32338.66034,-20366.373106,-45228.576091,0.0
-8427.859357,-13555.036611,-11282.646511,-36770.586582,-34071.702846,-32326.903323,-20361.679239,-45219.277766,0.0
-8429.222814,-13550.163931,-11274.756345,-36765.17746,-34059.878774,-32317.090907,-20361.723943,-45218.651917,0.0
-8437.090628,-13551.281518,-11275.806877,-36767.591449,-34065.377303,-32317.090907,-20364.182635,-45227.79378,0.0
-8448.221797,-13559.88694,-11289.441441,-36776.71096,-34089.56189,-32332.066576,-20374.352679,-45235.460429,0.0
-8463.398631,-13574.303815,-11301.801956,-36798.10158,-34112.271263,-32348.986846,-20395.497429,-45251.821906,0.0
-8433.201424,-13533.24366,-11255.6009,-36766.58562,-34064.349123,-32300.595319,-20366.17194,-45216.617908,0.0
-8426.026514,-13533.020143,-11258.998365,-36754.359216,-34060.124643,-32301.824665,-20358.058257,-45213.108684,0.0
-8440.286927,-13550.633317,-11280.791316,-36766.362103,-34077.871928,-32325.092831,-20375.157341,-45231.191245,0.0
-8467.891332,-13564.916082,-11296.057558,-36793.854748,-34094.389867,-32341.007273,-20400.303054,-45253.118307,0.0
-8480.788288,-13569.341727,-11305.668808,-36807.802237,-34101.408315,-32351.445538,-20407.410909,-45262.841316,0.0
-8467.801925,-13555.237777,-11295.655226,-36790.189062,-34091.305326,-32339.17443,-20390.960025,-45249.094993,0.0
-8455.374355,-13547.772294,-11288.569723,-36775.638077,-34090.634774,-32331.552485,-20381.460533,-45241.137772,0.0
-8452.915663,-13543.838387,-11281.975959,-36782.85769,-34089.204262,-32324.958721,-20387.093173,-45236.510961,0.0
-8455.3073,-13541.782027,-11282.914732,-36784.422312,-34084.398637,-32323.997596,-20388.635443,-45236.130981,0.0
-8463.331576,-13547.437018,-11294.381177,-36789.451455,-34091.327678,-32334.882895,-20395.117449,-45247.083336,0.0
-8463.935073,-13544.486588,-11293.800031,-36788.669144,-34093.987536,-32337.498049,-20396.302092,-45249.162048,0.0
-8457.810695,-13534.607117,-11283.205305,-36782.298897,-34087.952565,-32328.043262,-20392.859923,-45243.529408,0.0
-8459.107096,-13535.188262,-11285.954569,-36783.684705,-34089.42778,-32328.378538,-20392.390536,-45244.244664,0.0
-8475.714442,-13544.173663,-11300.594962,-36799.263871,-34100.693059,-32341.342549,-20404.616941,-45256.918103,0.0
-8474.395689,-13538.004582,-11302.539563,-36793.340658,-34100.871873,-32343.331855,-20399.297225,-45254.146487,0.0
-8447.685355,-13506.84625,-11278.53379,-36773.469958,-34082.76696,-32322.209456,-20373.86094,-45226.720897,0.0
-8443.01384,-13513.194145,-11282.5124,-36780.398998,-34088.064323,-32323.28234,-20376.878426,-45226.117399,0.0
-8434.542529,-13520.838442,-11279.450211,-36770.608934,-34080.46473,-32319.281378,-20369.234129,-45229.58192,0.0
-8451.798076,-13533.467178,-11293.934142,-36785.964583,-34100.201321,-32335.575799,-20383.136914,-45243.372946,0.0
-8435.19073,-13520.369055,-11287.340377,-36772.777053,-34094.16635,-32330.144326,-20371.29049,-45227.190283,0.0
-8429.781607,-13511.026026,-11278.690252,-36769.334885,-34080.956469,-32320.153096,-20364.987298,-45216.997888,0.0
-8442.075067,-13513.194145,-11287.25097,-36769.983085,-34085.2033,-32325.919846,-20370.508179,-45223.703411,0.0
-8437.157683,-13503.046453,-11285.596941,-36768.50787,-34078.900108,-32322.90236,-20366.373106,-45218.04842,0.0
-8433.179073,-13506.555677,-11290.782546,-36772.106501,-34079.458902,-32329.965512,-20370.642289,-45224.888054,0.0
-8431.793264,-13511.227192,-11292.078947,-36775.325152,-34097.63087,-32334.055881,-20374.553844,-45231.973557,0.0
-8436.084799,-13497.905552,-11281.417165,-36776.867423,-34097.228539,-32321.158924,-20370.731696,-45222.585824,0.0
-8433.894328,-13499.492526,-11286.803935,-36766.58562,-34094.523978,-32323.952892,-20364.070876,-45218.070771,0.0
-8424.752465,-13500.364244,-11290.111994,-36769.26783,-34093.294632,-32325.495163,-20363.154455,-45213.466312,0.0
-8438.610546,-13508.992017,-11299.007988,-36780.331943,-34098.569643,-32335.575799,-20374.464437,-45224.753943,0.0
-8442.969137,-13501.861811,-11292.794203,-36772.844109,-34092.445265,-32329.04909,-20367.915376,-45227.637318,0.0
-8434.922509,-13486.394404,-11284.725223,-36775.816891,-34091.037105,-32319.728413,-20361.835702,-45220.976498,0.0
-8443.237358,-13489.411889,-11291.542505,-36779.415522,-34096.22271,-32330.256084,-20368.965908,-45231.973557,0.0
-8447.484189,-13491.445898,-11295.655226,-36784.109388,-34094.278108,-32334.011177,-20375.403211,-45232.040612,0.0
-8434.095494,-13472.424563,-11272.521171,-36766.630324,-34079.324791,-32306.227959,-20362.126274,-45213.086332,0.0
-8434.006087,-13467.864808,-11268.430801,-36762.629361,-34076.933155,-32304.395116,-20355.331344,-45211.52171,0.0
-8443.460875,-13483.220456,-11291.363691,-36773.11233,-34094.635736,-32330.569009,-20367.602452,-45222.585824,0.0
-8439.437561,-13499.023139,-11305.266476,-36768.977257,-34102.548254,-32348.606866,-20369.837626,-45239.751964,0.0
-8438.230567,-13480.851171,-11289.799069,-36773.425254,-34092.869948,-32330.524305,-20369.100019,-45227.503208,0.0
-8445.539587,-13469.988223,-11285.909866,-36782.745931,-34092.981707,-32327.752689,-20369.211777,-45221.13296,0.0
-8429.871014,-13460.064049,-11272.364708,-36766.362103,-34081.135283,-32318.968453,-20360.762818,-45227.547911,0.0
-8437.805884,-13450.765723,-11259.199531,-36772.598239,-34083.012829,-32309.468962,-20371.849283,-45229.358402,0.0
-8456.246073,-13472.871598,-11284.144078,-36787.551557,-34096.960318,-32322.611788,-20382.578121,-45220.238891,0.0
-8452.446276,-13489.657758,-11305.82527,-36782.276545,-34094.255757,-32333.966474,-20367.602452,-45220.99885,0.0
-8430.295697,-13479.599473,-11297.219848,-36764.171632,-34079.928288,-32324.131706,-20343.261402,-45213.622774,0.0
-8439.370506,-13477.923093,-11301.801956,-36762.74112,-34088.690172,-32328.870276,-20349.721056,-45213.68983,0.0
-8433.290831,-13468.848284,-11291.967188,-36761.71294,-34086.209129,-32320.533075,-20349.38578,-45213.935699,0.0
-8443.952613,-13463.863845,-11287.295674,-36782.880042,-34091.126512,-32319.549599,-20369.12237,-45225.87153,0.0
-8471.244093,-13475.397345,-11309.625066,-36806.081153,-34110.416068,-32344.360035,-20392.099964,-45241.026013,0.0
-8443.706744,-13453.135008,-11292.682444,-36776.755664,-34085.806797,-32328.490296,-20361.254556,-45217.28846,0.0
-8443.684392,-13459.795828,-11292.593037,-36781.002495,-34087.594937,-32329.831401,-20366.484865,-45230.677155,0.0
-8464.203294,-13476.850209,-11306.786395,-36796.782827,-34098.01085,-32342.661302,-20388.188408,-45254.817039,0.0
-8450.456971,-13456.778342,-11289.620255,-36777.828548,-34094.568681,-32326.076308,-20376.699612,-45242.545932,0.0
-8436.934166,-13437.91347,-11277.170334,-36763.746949,-34088.690172,-32312.285282,-20360.896928,-45223.189321,0.0
-8424.104264,-13433.644287,-11276.589188,-36762.159975,-34080.263565,-32310.318328,-20347.061199,-45214.315678,0.0
-8427.144102,-13420.792034,-11272.141191,-36760.841222,-34074.094483,-32301.981127,-20339.39455,-45198.512995,0.0
-8436.420075,-13432.504348,-11291.229581,-36776.934478,-34087.907861,-32317.828514,-20351.084513,-45209.353591,0.0
-8456.626052,-13446.250671,-11301.98077,-36791.127836,-34102.771771,-32333.564142,-20374.665603,-45235.527484,0.0
-8466.661986,-13445.825988,-11298.516249,-36790.099655,-34106.102181,-32333.832363,-20385.729717,-45241.741269,0.0
-8469.679471,-13454.56552,-11308.060444,-36788.736199,-34105.074001,-32343.130689,-20385.349737,-45245.921045,0.0
-8445.897215,-13447.01063,-11299.209154,-36765.266867,-34088.332544,-32333.340625,-20364.76378,-45236.779182,0.0
-8417.13052,-13428.011647,-11282.087717,-36756.102652,-34075.21207,-32309.915997,-20350.168091,-45219.166007,0.0
-8424.17132,-13425.955287,-11284.255837,-36754.180402,-34066.696056,-32308.127857,-20358.795864,-45222.854045,0.0
-8396.321046,-13418.914487,-11289.352034,-36736.410765,-34069.467672,-32316.62152,-20338.925164,-45214.360382,0.0
-8379.154906,-13408.900906,-11284.546409,-36725.301948,-34069.266506,-32310.787715,-20322.049597,-45197.730684,0.0
-8368.8284,-13401.52483,-11284.188781,-36725.994852,-34074.608573,-32307.14438,-20319.255628,-45192.746245,0.0
-8363.933368,-13393.545257,-11271.582397,-36727.134791,-34069.221803,-32297.130799,-20317.132213,-45190.801643,0.0
-8397.259819,-13410.286714,-11285.552238,-36747.631341,-34083.012829,-32310.497142,-20338.098149,-45208.347763,0.0
-8426.965288,-13420.680275,-11300.796127,-36762.629361,-34093.160521,-32325.405756,-20355.890138,-45224.776295,0.0
-8424.707761,-13405.592848,-11288.502668,-36755.812079,-34079.704771,-32315.526285,-20344.356638,-45215.790894,0.0
-8434.229605,-13399.826097,-11284.16643,-36766.58562,-34075.949678,-32311.659433,-20351.777417,-45219.881263,0.0
-8438.409381,-13393.075871,-11279.137287,-36770.29601,-34077.268431,-32309.245444,-20352.984411,-45218.316641,0.0
-8435.011916,-13390.259551,-11281.640682,-36763.478728,-34074.608573,-32310.318328,-20347.061199,-45212.728705,0.0
-8454.41323,-13414.019455,-11306.182898,-36774.006399,-34091.752361,-32335.128765,-20364.495559,-45236.935644,0.0
-8451.440448,-13415.561726,-11306.160546,-36780.913088,-34098.636699,-32334.30175,-20367.647155,-45234.812228,0.0
-8443.952613,-13404.162336,-11293.710624,-36776.19687,-34091.215919,-32321.136572,-20358.661754,-45225.580958,0.0
-8454.189712,-13405.346978,-11300.773776,-36782.969449,-34092.177044,-32328.043262,-20366.462513,-45234.409897,0.0
-8454.636747,-13397.121536,-11297.331607,-36784.802292,-34089.316021,-32326.053956,-20367.71421,-45233.202902,0.0
-8457.274253,-13403.380025,-11301.913715,-36780.622516,-34101.430667,-32330.054919,-20369.278833,-45236.130981,0.0
-8448.110038,-13397.613275,-11298.806822,-36777.716789,-34100.514245,-32325.964549,-20363.690896,-45228.285519,0.0
-8442.678564,-13381.855295,-11287.206267,-36771.771225,-34084.331582,-32312.709965,-20355.711324,-45216.036763,0.0
-8456.134314,-13398.999083,-11309.848584,-36784.109388,-34105.677498,-32336.849849,-20371.469304,-45235.996871,0.0
-8433.112017,-13379.62012,-11292.011892,-36768.820795,-34090.143036,-32319.214322,-20353.140873,-45218.316641,0.0
-8440.510445,-13384.604559,-11295.521116,-36773.961696,-34091.394733,-32323.394099,-20358.326478,-45226.944414,0.0
-8447.573596,-13385.364519,-11299.253857,-36771.458301,-34093.182873,-32327.685634,-20354.861957,-45233.42642,0.0
-8438.923471,-13372.422859,-11290.402566,-36757.533164,-34080.017695,-32317.51559,-20348.245841,-45222.272899,0.0
-8421.600869,-13362.431629,-11278.645549,-36747.474879,-34072.64162,-32305.915035,-20335.304181,-45207.632507,0.0
-8427.300564,-13362.498684,-11278.869066,-36759.030731,-34079.458902,-32305.892683,-20325.759986,-45193.483853,0.0
-8436.308317,-13377.116725,-11297.219848,-36769.670161,-34095.19453,-32323.908189,-20337.293486,-45210.515882,0.0
-8448.288852,-13377.876684,-11296.079909,-36778.007362,-34088.980745,-32321.583607,-20339.171033,-45226.340917,0.0
-8446.85834,-13366.253777,-11289.843773,-36768.641981,-34080.800006,-32314.788677,-20344.736617,-45217.713144,0.0
-8429.759256,-13345.198434,-11273.035261,-36755.856783,-34070.473501,-32299.075401,-20345.02719,-45206.090236,0.0
-8462.213989,-13382.972882,-11308.105148,-36789.496158,-34103.375268,-32334.100584,-20378.174827,-45248.133868,0.0
-8467.421945,-13389.186667,-11315.548279,-36786.948059,-34107.957376,-32341.007273,-20366.216644,-45246.770411,0.0
-8440.421038,-13354.563815,-11287.206267,-36755.677969,-34079.145977,-32313.224055,-20323.100129,-45209.130074,0.0
-8432.799093,-13354.854388,-11292.101299,-36756.616742,-34077.491948,-32315.101601,-20300.502515,-45206.827844,0.0
-8416.974058,-13356.866045,-11294.090604,-36752.168745,-34083.549271,-32317.157962,-20320.395567,-45186.510108,0.0
-8443.52793,-13355.077905,-11297.599828,-36777.537975,-34101.140094,-32324.131706,-20344.021361,-45196.054303,0.0
-8457.989509,-13372.847542,-11310.988523,-36788.266812,-34109.03026,-32338.436823,-20356.605393,-45243.909388,0.0
-8455.553169,-13373.227522,-11308.105148,-36784.332905,-34102.101219,-32334.413509,-20396.27974,-45251.419574,0.0
-8452.312166,-13356.776638,-11297.10809,-36773.425254,-34093.227576,-32321.650663,-20373.72683,-45234.052269,0.0
-8430.429808,-13346.248966,-11287.943874,-36749.218315,-34079.749474,-32311.525322,-20310.717262,-45207.498396,0.0
-8437.3812,-13353.133303,-11296.102261,-36753.12987,-34088.287841,-32322.008291,-20319.322684,-45227.234987,0.0
-8439.482264,-13346.204263,-11293.107127,-36764.126928,-34082.744608,-32318.476715,-20287.337337,-45215.477969,0.0
-8449.719363,-13355.212016,-11306.272305,-36779.437873,-34099.03903,-32334.078233,-20287.382041,-45219.635394,0.0
-8430.899195,-13358.318908,-11304.081834,-36765.848013,-34096.0886,-32330.613712,-20359.332306,-45226.005641,0.0
-8456.961329,-13366.209074,-11304.41711,-36774.475786,-34094.971012,-32331.284264,-20360.91928,-45250.436097,0.0
-8438.744657,-13362.074001,-11302.561915,-36775.816891,-34098.413181,-32330.97134,-20408.752013,-45255.509943,0.0
-8424.774817,-13355.256719,-11294.738805,-36762.674065,-34088.824283,-32316.777982,-20383.315728,-45205.710257,0.0
-8430.608622,-13362.990423,-11306.875802,-36762.338789,-34105.006946,-32331.172506,-20339.618068,-45206.470216,0.0
-8430.273346,-13359.615309,-11305.847622,-36760.662408,-34100.737763,-32328.423241,-20318.272152,-45191.338085,0.0
-8452.334518,-13368.220731,-11315.168299,-36783.081208,-34114.439382,-32341.811936,-20346.681219,-45233.694641,0.0
-8426.540604,-13352.529806,-11298.180973,-36758.24842,-34099.106085,-32327.730337,-20358.237071,-45249.050289,0.0
-8396.097528,-13333.642582,-11280.210171,-36730.264035,-34082.319925,-32306.764401,-20361.187501,-45217.757847,0.0
-8406.021703,-13333.530823,-11276.723299,-36742.62455,-34079.838881,-32303.992784,-20341.339152,-45203.408027,0.0
-8442.49975,-13359.36944,-11302.62897,-36777.426216,-34102.011812,-32330.390195,-20347.128254,-45220.752981,0.0
-8440.845721,-13372.914597,-11325.830081,-36776.643905,-34122.173085,-32352.406663,-20354.63844,-45227.950243,0.0
-8430.876843,-13371.79701,-11323.460796,-36772.441777,-34123.648301,-32352.831346,-20339.528661,-45214.829769,0.0
-8411.900212,-13346.94187,-11296.34813,-36744.569152,-34097.742629,-32329.42907,-20301.955378,-45189.594649,0.0
-8400.746691,-13342.739742,-11293.91179,-36743.160992,-34102.145922,-32328.512648,-20317.199268,-45190.779291,0.0
-8396.611619,-13336.324791,-11288.882648,-36736.902504,-34096.490931,-32320.957759,-20305.464602,-45179.044626,0.0
-8392.431842,-13335.765998,-11291.006063,-36733.750908,-34093.27228,-32321.784773,-20298.26734,-45176.116547,0.0
-8406.424034,-13353.535635,-11307.389892,-36756.035597,-34111.265434,-32337.095718,-20312.125422,-45190.488719,0.0
-8404.278267,-13346.874815,-11297.041034,-36748.25719,-34099.083733,-32327.797392,-20310.158469,-45181.79389,0.0
-8398.690331,-13331.273297,-11278.489086,-36732.208637,-34080.062399,-32309.871293,-20303.832925,-45167.645236,0.0
-8401.37254,-13333.463768,-11285.216962,-36739.092975,-34091.640603,-32315.168657,-20301.150715,-45167.332312,0.0
-8413.978924,-13339.565794,-11297.264552,-36754.225106,-34107.130361,-32324.042299,-20289.863085,-45167.242905,0.0
-8419.075122,-13357.402486,-11314.654209,-36749.106556,-34115.869894,-32345.030587,-20314.02532,-45180.6316,0.0
-8396.097528,-13334.447245,-11295.051729,-36730.219332,-34086.902033,-32324.712852,-20304.548181,-45156.156439,0.0
-8401.149023,-13322.913745,-11285.999273,-36740.925818,-34091.193568,-32320.018985,-20303.587056,-45154.524762,0.0
-8372.6729,-13314.196564,-11276.276264,-36728.833524,-34090.45596,-32310.385383,-20282.352898,-45134.609358,0.0
-8376.38329,-13322.511413,-11283.764098,-36729.079393,-34092.2441,-32310.586549,-20276.541445,-45137.023346,0.0
-8394.108223,-13343.47735,-11307.814575,-36735.628454,-34106.862141,-32330.144326,-20295.361614,-45161.274989,0.0
-8395.874011,-13345.086675,-11318.76693,-36752.99576,-34127.135173,-32344.248276,-20306.917466,-45164.806564,0.0
-8395.002293,-13319.851556,-11296.571648,-36749.598294,-34109.633757,-32325.115183,-20288.879608,-45146.187561,0.0
-8396.745729,-13311.223782,-11289.977883,-36747.966617,-34108.158542,-32324.735203,-20281.324718,-45140.465515,0.0
-8393.571781,-13316.364684,-11305.557049,-36750.782937,-34122.597769,-32340.336721,-20295.473372,-45146.902817,0.0
-8406.580497,-13326.557079,-11318.521061,-36756.370873,-34131.538466,-32357.055826,-20310.896076,-45158.458669,0.0
-8392.878877,-13327.71937,-11319.437482,-36742.289274,-34125.883475,-32361.392064,-20295.071041,-45155.932922,0.0
-8376.249179,-13310.285009,-11297.532773,-36723.603216,-34110.013736,-32343.130689,-20271.624061,-45137.470381,0.0
-8383.602903,-13301.567829,-11285.663996,-36738.802402,-34118.708565,-32336.112241,-20297.23916,-45147.953349,0.0
-8381.166563,-13291.353082,-11276.432726,-36747.161954,-34113.366498,-32332.938294,-20310.851373,-45148.892122,0.0
-8401.37254,-13312.654294,-11296.996331,-36753.107518,-34117.345109,-32353.725416,-20317.646303,-45166.79587,0.0
-8372.248217,-13305.121756,-11299.857354,-36738.712995,-34107.063306,-32341.901343,-20290.310119,-45147.483962,0.0
-8367.062612,-13316.767015,-11316.487052,-36734.890847,-34115.199341,-32352.429015,-20290.220712,-45156.536419,0.0
-8388.185011,-13317.035236,-11318.744578,-36740.791707,-34117.23335,-32359.469814,-20296.926236,-45158.168096,0.0
-8381.613598,-13307.021654,-11309.245087,-36731.694547,-34115.132286,-32353.256029,-20298.759079,-45154.681224,0.0
-8374.617502,-13300.897277,-11302.271343,-36736.008434,-34117.23335,-32350.797337,-20292.299425,-45150.389689,0.0
-8380.384252,-13306.216992,-11301.623142,-36736.634283,-34114.215864,-32348.539811,-20285.303329,-45159.844477,0.0
-8360.982938,-13302.573657,-11300.840831,-36722.820905,-34110.885455,-32351.937276,-20289.326643,-45161.342044,0.0
-8375.10924,-13301.143146,-11306.451119,-36720.742192,-34111.824228,-32359.939201,-20298.893189,-45156.044681,0.0
-8392.990636,-13311.626114,-11316.442349,-36737.640111,-34122.351899,-32371.651515,-20314.517059,-45173.479041,0.0
-8395.136403,-13312.408425,-11319.661,-36761.71294,-34139.316873,-32377.820596,-20317.892172,-45179.558716,0.0
-8373.499915,-13304.473556,-11311.815537,-36734.779088,-34118.283882,-32364.700122,-20301.061309,-45165.879448,0.0
-8339.257042,-13288.916741,-11305.110014,-36706.682945,-34100.514245,-32358.106358,-20292.277073,-45159.263332,0.0
-8375.779793,-13298.438585,-11318.968096,-36732.454506,-34126.643434,-32375.04898,-20292.902922,-45169.165155,0.0
-8383.714662,-13298.192715,-11313.916601,-36748.592466,-34135.450022,-32374.91487,-20284.386907,-45162.0573,0.0
-8378.462002,-13286.636864,-11300.57261,-36738.578884,-34133.259551,-32358.508689,-20276.854369,-45148.489791,0.0
-8365.676804,-13264.888616,-11281.081889,-36716.473009,-34110.796048,-32339.532058,-20268.830093,-45136.576311,0.0
-8375.220999,-13283.395861,-11303.00895,-36720.496323,-34127.73867,-32370.131596,-20302.022434,-45172.249695,0.0
-8360.62531,-13308.921553,-11323.527852,-36729.079393,-34128.63274,-32380.793378,-20292.88057,-45177.05532,0.0
-8345.694345,-13298.304474,-11308.574534,-36729.124097,-34121.837809,-32364.521308,-20279.380116,-45163.286646,0.0
-8376.360938,-13300.092614,-11308.887459,-36743.719786,-34134.15362,-32365.884765,-20291.114782,-45163.845439,0.0
-8378.104374,-13296.136355,-11308.999218,-36719.825771,-34124.005929,-32362.263782,-20279.849503,-45159.442146,0.0
-8351.841074,-13313.146032,-11321.672657,-36718.954053,-34133.237199,-32375.965402,-20285.370384,-45169.969817,0.0
-8351.349336,-13291.397785,-11294.872915,-36722.172704,-34131.985501,-32373.819634,-20296.054518,-45175.736567,0.0
-8382.597075,-13287.62034,-11280.009005,-36717.724707,-34114.171161,-32358.486337,-20278.195474,-45162.146707,0.0
-8348.443609,-13307.044006,-11300.013816,-36715.936567,-34108.873798,-32340.828459,-20259.330602,-45148.154515,0.0
-8358.121915,-13322.556117,-11317.179956,-36732.454506,-34127.336338,-32354.664189,-20270.484122,-45154.88239,0.0
-8328.639964,-13325.484195,-11306.875802,-36710.706259,-34112.271263,-32360.229774,-20265.991421,-45156.648178,0.0
-8346.990746,-13333.173196,-11305.981732,-36713.969614,-34111.08662,-32363.068445,-20268.159541,-45160.738547,0.0
-8313.08315,-13275.908026,-11247.688383,-36675.658724,-34070.652315,-32324.17641,-20246.746569,-45141.270178,0.0
-8374.773964,-13343.61146,-11298.27038,-36701.318526,-34097.832036,-32379.496977,-20311.790146,-45212.080504,0.0
-8293.771242,-13348.193568,-11314.207174,-36691.729628,-34130.55499,-32381.106303,-20278.687212,-45182.129166,0.0
-8330.204586,-13359.056516,-11325.964192,-36732.700376,-34160.975714,-32384.079085,-20265.522035,-45158.72689,0.0
-8370.549485,-13400.340188,-11344.27027,-36709.588672,-34124.877647,-32411.012937,-20307.140983,-45195.49551,0.0
-8335.747818,-13385.588036,-11320.130386,-36676.843366,-34100.000155,-32409.582425,-20304.168201,-45201.753998,0.0
-8305.371798,-13313.50366,-11235.707848,-36713.120247,-34156.840641,-32351.222021,-20246.612459,-45149.942654,0.0
-8319.743969,-13306.70873,-11217.781749,-36724.452582,-34170.654019,-32363.426073,-20272.294613,-45160.380919,0.0
-8313.038446,-13431.185595,-11337.207119,-36720.362213,-34175.14672,-32449.972028,-20290.779506,-45157.452841,0.0
-8315.631248,-13479.957101,-11379.273102,-36727.581826,-34188.937746,-32461.751397,-20301.731861,-45163.063128,0.0
-8312.636115,-13435.544185,-11333.697895,-36683.861814,-34142.714339,-32440.070205,-20328.799823,-45181.480966,0.0
-8302.935458,-13437.309973,-11341.498654,-36692.087256,-34181.762836,-32483.790217,-20342.188518,-45205.196167,0.0
-8290.351425,-13515.965762,-11410.409082,-36736.813097,-34218.665566,-32517.340185,-20309.420861,-45150.814372,0.0
-8282.394204,-13523.744169,-11412.800719,-36723.983195,-34209.881331,-32520.268264,-20318.62978,-45141.113715,0.0
-8310.065664,-13487.199067,-11374.914512,-36735.919027,-34223.873523,-32508.980633,-20348.894042,-45175.825974,0.0
-8260.109515,-13459.617014,-11347.645384,-36695.685887,-34184.690915,-32499.436438,-20350.972754,-45159.777422,0.0
-8287.892734,-13502.331198,-11384.637521,-36687.303983,-34200.895929,-32538.66375,-20386.221455,-45173.143765,0.0
-8285.657559,-13549.605137,-11438.05819,-36730.688719,-34239.899724,-32560.83668,-20367.848321,-45141.851323,0.0
-8274.034652,-13552.577919,-11443.668478,-36742.021053,-34240.637331,-32559.160299,-20371.178731,-45135.838704,0.0
-8312.077321,-13503.940523,-11377.082631,-36760.416539,-34259.4575,-32544.788128,-20423.727682,-45181.726835,0.0
-8308.501042,-13533.467178,-11420.89205,-36740.32232,-34239.273875,-32588.999878,-20446.571165,-45181.682131,0.0
-8280.963693,-13625.601068,-11522.391322,-36697.362268,-34197.118485,-32629.590646,-20443.8219,-45157.452841,0.0
-8290.999626,-13614.827527,-11514.143528,-36737.863629,-34239.765613,-32615.173771,-20445.319467,-45146.589893,0.0
-8284.808193,-13594.129812,-11495.479822,-36731.046347,-34230.221418,-32611.552788,-20448.247546,-45149.093288,0.0
-8273.140582,-13586.038481,-11488.550781,-36664.549907,-34177.158377,-32620.314672,-20484.725593,-45174.887201,0.0
-8261.96471,-13573.923835,-11474.983272,-36738.802402,-34260.48568,-32610.882236,-20446.369999,-45145.807582,0.0
-8257.22614,-13552.84614,-11453.078562,-36775.012228,-34286.369,-32588.441084,-20413.088252,-45108.591927,0.0
-8296.095824,-13566.056021,-11456.744248,-36766.9656,-34267.258259,-32609.362317,-20477.148351,-45163.398405,0.0
-8291.759585,-13563.329108,-11459.269996,-36722.016242,-34218.777325,-32627.243713,-20525.69634,-45222.697583,0.0
-8302.354312,-13614.335789,-11529.856805,-36730.778126,-34237.172811,-32668.840309,-20501.958788,-45206.067885,0.0
-8275.375757,-13620.080187,-11536.808197,-36729.526428,-34219.157305,-32650.735396,-20469.995793,-45158.235152,0.0
-8262.99289,-13610.401882,-11523.26304,-36704.894806,-34212.742354,-32642.465251,-20522.902372,-45165.566524,0.0
-8309.529222,-13609.530164,-11513.629438,-36760.908277,-34299.31066,-32655.2728,-20564.364858,-45195.987248,0.0
-8264.557512,-13582.43985,-11494.094013,-36758.941324,-34278.098855,-32623.645082,-20503.858686,-45146.701651,0.0
-8289.949094,-13624.416426,-11554.756648,-36754.716844,-34265.045436,-32671.120187,-20534.815852,-45160.067995,0.0
-8308.501042,-13633.401827,-11559.78579,-36752.928704,-34271.840366,-32692.376696,-20548.718637,-45207.453693,0.0
-8295.246457,-13596.02971,-11511.550726,-36736.254303,-34252.193183,-32663.587649,-20551.289088,-45207.587803,0.0
-8317.106464,-13593.772184,-11508.175612,-36777.537975,-34282.256279,-32657.552678,-20567.382344,-45194.132053,0.0
-8313.552536,-13568.067678,-11475.922045,-36758.538992,-34270.700427,-32647.114414,-20581.128667,-45205.039704,0.0
-8305.550612,-13550.834483,-11470.557627,-36703.017259,-34195.285642,-32652.568239,-20599.613559,-45225.156274,0.0
-8278.505001,-13624.684647,-11570.268759,-36691.036724,-34232.791869,-32691.862606,-20595.299673,-45178.776405,0.0
-8298.621571,-13625.75753,-11564.502008,-36771.32419,-34318.153181,-32666.023989,-20521.494212,-45118.270232,0.0
-8316.078283,-13626.741007,-11556.164808,-36784.377609,-34288.492416,-32671.902498,-20551.892585,-45178.195259,0.0
-8305.885888,-13623.768225,-11564.949043,-36745.753794,-34251.075596,-32706.055964,-20623.261705,-45246.412783,0.0
-8294.441795,-13586.194943,-11513.741197,-36716.137733,-34238.670378,-32681.871376,-20609.045995,-45209.957088,0.0
-8292.161917,-13550.4098,-11487.76847,-36734.242646,-34249.488622,-32654.579896,-20625.63099,-45179.22344,0.0
-8304.723597,-13597.169649,-11561.685689,-36753.375739,-34276.266012,-32687.749885,-20591.276359,-45164.203067,0.0
-8274.593446,-13604.031635,-11565.507837,-36715.288367,-34244.705349,-32686.40878,-20577.664146,-45143.594759,0.0
-8281.075452,-13587.156068,-11535.422389,-36716.22714,-34240.950256,-32685.268841,-20609.403623,-45185.750149,0.0
-8296.118176,-13495.335102,-11477.799592,-36699.552739,-34237.239866,-32675.165853,-20602.452231,-45196.724856,0.0
-8310.937382,-13562.83737,-11502.162993,-36714.573111,-34243.051319,-32693.382525,-20648.630935,-45207.386638,0.0
-8300.78969,-13574.348518,-11519.172671,-36748.994797,-34284.066771,-32673.735341,-20633.387045,-45168.762823,0.0
-8296.81108,-13564.401992,-11519.530299,-36757.376702,-34310.464181,-32664.593478,-20659.002144,-45129.267291,0.0
-8310.177423,-13528.974477,-11472.792801,-36726.307777,-34242.336064,-32653.931696,-20644.9876,-45171.310922,0.0
-8306.489385,-13506.175698,-11456.990118,-36726.128963,-34230.802564,-32662.514766,-20613.359882,-45191.852175,0.0
-8302.354312,-13525.129977,-11509.114386,-36705.699468,-34275.438997,-32671.701333,-20552.406675,-45196.836614,0.0
-8312.077321,-13527.767483,-11566.603072,-36742.11046,-34300.137675,-32698.501074,-20606.40849,-45246.613949,0.0
-8327.05299,-13530.42734,-11530.795578,-36732.409803,-34275.483701,-32691.259109,-20699.369395,-45239.148466,0.0
-8318.8499,-13523.297134,-11502.431214,-36712.38264,-34246.024101,-32676.328144,-20722.838726,-45192.969762,0.0
-8297.615742,-13484.494505,-11473.843333,-36701.474989,-34276.10955,-32650.668341,-20668.702801,-45183.738492,0.0
-8297.883963,-13459.035869,-11449.815208,-36750.402957,-34292.381619,-32624.38269,-20673.106095,-45218.517806,0.0
-8334.786693,-13463.260348,-11472.435173,-36757.890792,-34277.763579,-32645.929771,-20746.643334,-45238.2991,0.0
-8344.956737,-13443.054371,-11458.420629,-36749.687701,-34258.205802,-32634.195105,-20731.622962,-45251.732499,0.0
-8334.496121,-13424.211851,-11428.648106,-36740.344672,-34251.410872,-32601.561558,-20703.727985,-45215.500321,0.0
-8342.252176,-13463.41681,-11436.717085,-36732.789783,-34261.469157,-32611.798657,-20723.241058,-45211.745228,0.0
-8327.388266,-13416.567554,-11408.084501,-36730.375794,-34234.177677,-32579.008648,-20689.087592,-45069.476374,0.0
-8351.975185,-13403.424728,-11390.381919,-36725.793687,-34205.165113,-32573.353657,-20682.225607,-45076.181898,0.0
-8364.201589,-13430.22447,-11432.67142,-36722.820905,-34209.858979,-32612.625672,-20741.144805,-45169.813355,0.0
-8353.785676,-13420.322647,-11443.400257,-36718.842294,-34202.4382,-32612.245692,-20758.780331,-45338.211398,0.0
-8334.317307,-13374.769792,-11404.776443,-36701.653803,-34196.872615,-32573.085436,-20700.107002,-45270.507964,0.0
-8334.853749,-13361.045821,-11385.486887,-36712.427343,-34215.111639,-32561.127253,-20716.289665,-45215.992059,0.0
-8346.364897,-13342.985611,-11367.672547,-36707.688774,-34187.797807,-32541.882401,-20666.244109,-45158.972759,0.0
-8343.928557,-13356.374306,-11392.43828,-36706.906463,-34193.832778,-32563.384779,-20709.517087,-45222.630527,0.0
-8340.106409,-13358.005984,-11392.505335,-36749.66535,-34218.71027,-32559.04854,-20778.427515,-45217.333164,0.0
-8348.845941,-13355.703754,-11391.16423,-36745.038539,-34229.081479,-32570.224413,-20777.712259,-45205.777312,0.0
-8359.105391,-13352.015716,-11389.487849,-36725.056079,-34210.730697,-32569.755026,-20741.547136,-45214.986231,0.0
-8348.041278,-13343.075018,-11372.589931,-36707.755829,-34171.503385,-32547.090357,-20758.109779,-45280.96858,0.0
-8344.487351,-13329.12753,-11369.438335,-36720.831599,-34178.879461,-32544.497555,-20778.785143,-45278.286371,0.0
-8337.848882,-13308.63098,-11366.890236,-36726.039556,-34185.629688,-32534.998063,-20772.124323,-45242.814153,0.0
-8343.414467,-13323.226669,-11364.051564,-36715.131904,-34185.584984,-32533.500497,-20744.452863,-45243.104725,0.0
-8353.383345,-13327.182928,-11372.701689,-36720.161047,-34188.356601,-32546.844488,-20725.051549,-45270.440909,0.0
-8329.019943,-13304.697073,-11349.053544,-36710.303928,-34174.073836,-32525.632683,-20757.506282,-45246.569246,0.0
-8337.804179,-13292.917704,-11344.940823,-36717.858817,-34177.806577,-32522.414031,-20795.481896,-45242.322414,0.0
-8355.551464,-13304.898239,-11364.006861,-36721.904483,-34194.391572,-32540.094261,-20796.979463,-45253.006548,0.0
-8343.056839,-13284.424041,-11354.060334,-36711.041535,-34186.590813,-32529.723052,-20759.987326,-45262.528391,0.0
-8340.911071,-13274.633977,-11343.890291,-36721.546855,-34184.355639,-32523.442212,-20745.212823,-45278.621647,0.0
-8335.77017,-13270.945939,-11338.972907,-36718.104687,-34177.58306,-32518.457773,-20764.345916,-45274.061891,0.0
-8338.742952,-13263.726325,-11337.09536,-36709.543968,-34172.397455,-32519.508305,-20751.270145,-45265.635284,0.0
-8361.854656,-13279.976044,-11355.15557,-36730.286387,-34187.931918,-32538.082604,-20749.347895,-45250.234932,0.0
-8368.359014,-13281.004224,-11357.189579,-36731.359271,-34193.519854,-32541.278904,-20756.232233,-45267.356368,0.0
-8365.587397,-13253.645689,-11338.704686,-36721.926835,-34173.850319,-32525.230351,-20726.794985,-45285.483633,0.0
-8347.571891,-13239.854662,-11325.04777,-36710.527445,-34162.629743,-32506.991328,-20731.265334,-45261.567266,0.0
-8324.035504,-13228.522328,-11312.173165,-36690.522634,-34154.314894,-32487.053572,-20744.676381,-45238.701432,0.0
-8310.803272,-13217.592325,-11302.271343,-36687.192224,-34142.08849,-32476.883528,-20729.656008,-45222.518769,0.0
-8348.175388,-13243.565052,-11329.026381,-36726.754812,-34175.526699,-32506.343127,-20755.069942,-45256.180496,0.0
-8345.582586,-13231.49511,-11315.727093,-36712.650861,-34166.518946,-32493.759095,-20735.668628,-45240.064888,0.0
-8316.145339,-13201.230848,-11291.34134,-36688.667439,-34150.515097,-32469.552156,-20695.413136,-45221.401181,0.0
-8332.596222,-13213.948991,-11302.025473,-36712.114419,-34162.406225,-32480.862138,-20707.684244,-45235.996871,0.0
-8356.132609,-13240.905194,-11321.136215,-36725.950149,-34168.687066,-32492.596804,-20714.278008,-45244.602292,0.0
-8354.433877,-13235.026686,-11314.02836,-36712.919082,-34164.395531,-32482.583223,-20701.448107,-45224.373963,0.0
-8364.08983,-13242.559223,-11322.387913,-36718.350556,-34180.421732,-32491.747438,-20711.327578,-45222.719934,0.0
-8356.043202,-13229.729322,-11308.529831,-36724.787858,-34174.25265,-32479.766903,-20694.943749,-45228.620795,0.0
-8344.35324,-13231.092779,-11298.426843,-36715.824809,-34162.741502,-32468.859252,-20686.360679,-45234.521655,0.0
-8336.641888,-13241.084008,-11301.243162,-36703.486646,-34155.834813,-32464.411254,-20695.547246,-45230.699507,0.0
-8328.684667,-13250.024706,-11306.629933,-36695.998811,-34152.414996,-32463.226612,-20677.084705,-45222.854045,0.0
-8347.504836,-13254.316241,-11311.189689,-36710.84037,-34164.730807,-32468.45692,-20678.671679,-45226.855007,0.0
-8349.181217,-13248.035401,-11304.439462,-36716.249492,-34162.115653,-32465.260621,-20681.420944,-45222.295251,0.0
-8387.693273,-13260.261805,-11310.787357,-36746.156126,-34169.759949,-32472.077903,-20680.482171,-45228.777257,0.0
-8376.5174,-13251.946956,-11300.460851,-36740.836411,-34156.773586,-32460.075016,-20670.982679,-45221.848216,0.0
-8365.542694,-13247.3872,-11299.298561,-36715.690698,-34150.537449,-32453.548307,-20662.444313,-45215.567376,0.0
-8335.501949,-13247.566014,-11296.482241,-36685.22527,-34140.859144,-32449.524993,-20649.882632,-45210.024143,0.0
-8315.497138,-13251.99166,-11300.662017,-36691.88609,-34147.631722,-32450.083786,-20639.198499,-45193.975591,0.0
-8322.269717,-13259.211273,-11312.128462,-36708.627547,-34156.907696,-32455.671722,-20643.713551,-45189.505242,0.0
-8309.976257,-13247.007221,-11300.95259,-36684.822939,-34146.312969,-32446.373397,-20624.088719,-45193.103873,0.0
-8276.001606,-13223.560241,-11275.091621,-36660.526593,-34123.827115,-32421.518257,-20587.789486,-45170.506259,0.0
-8281.477783,-13220.60981,-11269.503685,-36677.40216,-34126.576379,-32418.903103,-20599.680614,-45169.075748,0.0
-8301.504946,-13225.795415,-11276.343319,-36691.684925,-34128.476277,-32425.496867,-20598.764193,-45171.28857,0.0
-8313.664295,-13244.325011,-11291.877781,-36691.170834,-34133.393661,-32436.382167,-20596.953702,-45192.232155,0.0
-8316.92765,-13250.06941,-11294.068252,-36700.379753,-34139.78626,-32440.181963,-20607.727242,-45202.268088,0.0
-8355.618519,-13261.647613,-11303.545392,-36728.78882,-34151.945609,-32452.631885,-20630.682484,-45222.429362,0.0
-8360.804124,-13248.79536,-11287.273322,-36720.630434,-34150.246877,-32437.209181,-20624.781623,-45213.131036,0.0
-8336.910109,-13220.296886,-11251.555234,-36699.57509,-34131.873743,-32401.468742,-20580.189893,-45172.517916,0.0
-8333.736161,-13229.304639,-11257.791371,-36709.43221,-34133.416013,-32406.542588,-20582.626233,-45185.63839,0.0
-8362.815781,-13261.245282,-11287.429784,-36731.761602,-34145.508307,-32429.967216,-20606.989635,-45213.086332,0.0
-8374.08106,-13275.639805,-11301.913715,-36727.827695,-34148.525792,-32440.941923,-20596.394908,-45204.033876,0.0
-8367.28613,-13283.619378,-11310.787357,-36717.568245,-34151.029188,-32449.569696,-20589.778792,-45213.488664,0.0
-8351.550502,-13268.509599,-11296.996331,-36720.384564,-34137.48403,-32435.331635,-20589.354108,-45202.603364,0.0
-8385.301636,-13281.138334,-11306.898154,-36751.140565,-34146.916467,-32451.648408,-20606.900228,-45223.926929,0.0
-8401.23843,-13305.322922,-11322.298506,-36764.082225,-34170.251688,-32463.181909,-20618.210211,-45241.026013,0.0
-8389.213191,-13301.567829,-11318.856337,-36745.776146,-34158.271153,-32454.531783,-20588.817667,-45222.675231,0.0
-8380.719528,-13297.879791,-11319.057503,-36748.368949,-34157.6006,-32455.157632,-20592.036318,-45220.082428,0.0
-8370.214208,-13287.262712,-11306.160546,-36733.326224,-34147.922295,-32442.819469,-20589.599978,-45218.003716,0.0
-8368.761345,-13282.345329,-11302.338398,-36719.93753,-34142.155545,-32437.477402,-20580.189893,-45217.623737,0.0
-8373.05288,-13289.54259,-11309.558011,-36730.018166,-34151.476222,-32446.507507,-20586.336623,-45220.283594,0.0
-8370.258912,-13286.07807,-11308.932162,-36738.221257,-34150.135118,-32449.346179,-20582.335661,-45219.925966,0.0
-8392.565953,-13297.075128,-11318.968096,-36756.504983,-34163.792034,-32461.192603,-20585.978995,-45232.822923,0.0
-8397.036302,-13302.528954,-11317.626991,-36765.42333,-34172.240993,-32463.695999,-20586.873065,-45231.571225,0.0
-8389.481412,-13291.151916,-11305.735863,-36752.906353,-34163.434406,-32453.324789,-20573.193797,-45221.803513,0.0
-8375.466868,-13280.937169,-11298.13627,-36733.90737,-34147.162336,-32441.277199,-20550.082093,-45220.954146,0.0
-8373.030528,-13286.636864,-11304.707683,-36731.672195,-34149.799842,-32448.20624,-20544.918841,-45227.905539,0.0
-8378.417299,-13285.273407,-11305.177069,-36732.946245,-34150.783318,-32449.636751,-20546.863442,-45227.65967,0.0
-8384.854601,-13291.420137,-11309.178032,-36736.120193,-34162.003894,-32450.441414,-20549.344486,-45230.811266,0.0
-8369.409546,-13274.343404,-11290.179049,-36731.448678,-34151.140946,-32436.695091,-20533.452396,-45213.265146,0.0
-8369.409546,-13281.317148,-11302.181936,-36744.077414,-34154.046673,-32442.081862,-20541.230803,-45207.498396,0.0
-8373.142287,-13305.702902,-11330.121616,-36750.022978,-34160.551031,-32459.426815,-20549.970335,-45217.847254,0.0
-8376.048014,-13306.462861,-11329.205195,-36744.256228,-34156.505365,-32463.58424,-20545.969373,-45222.317603,0.0
-8378.752575,-13302.573657,-11316.33059,-36747.340768,-34156.348903,-32457.236344,-20550.55148,-45231.146542,0.0
-8375.690386,-13291.889523,-11299.142098,-36726.106611,-34146.692949,-32441.791289,-20519.706073,-45214.270975,0.0
-8370.080098,-13301.545477,-11303.232468,-36734.287349,-34157.913525,-32438.282065,-20515.302779,-45208.236004,0.0
-8381.613598,-13304.65237,-11306.317008,-36753.912181,-34163.724978,-32444.36174,-20531.910125,-45221.445885,0.0
-8388.967322,-13299.734986,-11307.546354,-36753.800422,-34158.762891,-32448.675626,-20532.87125,-45235.952167,0.0
-8371.734127,-13291.777765,-11302.159584,-36731.806306,-34151.431519,-32440.696054,-20512.553515,-45218.786027,0.0
-8368.69429,-13294.683492,-11303.567744,-36728.989986,-34158.762891,-32447.759205,-20497.041404,-45212.236966,0.0
-8387.983845,-13314.107157,-11319.728055,-36753.12987,-34172.598621,-32470.289763,-20528.602067,-45235.885112,0.0
-8391.314255,-13301.366663,-11296.661055,-36752.325207,-34147.095281,-32449.882621,-20536.045198,-45237.561493,0.0
-8391.448366,-13302.685416,-11293.710624,-36747.251361,-34138.869839,-32437.432699,-20527.149204,-45227.436152,0.0
-8389.883744,-13310.083843,-11304.372407,-36743.295103,-34146.178859,-32436.002187,-20509.93836,-45212.818112,0.0
-8380.943046,-13318.488099,-11324.444273,-36736.589579,-34160.148699,-32448.496812,-20482.982157,-45215.522673,0.0
-8362.055822,-13308.809794,-11313.916601,-36728.073565,-34152.280885,-32431.911818,-20467.738267,-45206.961954,0.0
-8369.990691,-13296.136355,-11299.767947,-36736.321358,-34142.759042,-32430.123678,-20480.925796,-45205.956126,0.0
-8372.53879,-13292.247151,-11287.385081,-36737.260132,-34145.240086,-32432.783536,-20481.037555,-45207.654859,0.0
-8383.737014,-13317.191698,-11304.886497,-36746.737271,-34149.442214,-32444.808775,-20499.231875,-45215.880301,0.0
-8388.766156,-13326.937059,-11315.928258,-36749.061853,-34140.009778,-32447.401577,-20515.302779,-45225.536254,0.0
-8409.933258,-13338.157635,-11325.919488,-36767.077359,-34168.128272,-32453.369493,-20521.538916,-45241.763621,0.0
-8396.902191,-13326.512376,-11314.520099,-36755.476803,-34161.623914,-32446.731025,-20503.791631,-45230.073658,0.0
-8377.79145,-13314.800062,-11295.275247,-36738.601236,-34136.545257,-32417.629053,-20487.76543,-45226.475027,0.0
-8404.948819,-13321.505585,-11306.428767,-36757.555515,-34146.312969,-32438.997321,-20496.460259,-45247.642129,0.0
-8410.201479,-13333.352009,-11322.09734,-36755.856783,-34159.455795,-32458.957429,-20486.916064,-45234.208731,0.0
-8387.894438,-13326.713541,-11313.447215,-36740.031748,-34151.878554,-32448.608571,-20470.062848,-45214.606251,0.0
-8398.04213,-13351.278109,-11330.211023,-36759.813042,-34158.002932,-32455.157632,-20497.510791,-45249.050289,0.0
-8383.804069,-13339.655201,-11311.748482,-36740.881114,-34152.325589,-32428.179077,-20472.163912,-45239.19317,0.0
-8382.798241,-13321.013847,-11296.258723,-36744.233876,-34145.351844,-32419.216027,-20450.683886,-45229.693679,0.0
-8410.648514,-13335.92246,-11307.524002,-36757.913143,-34128.677443,-32432.649426,-20491.565227,-45238.902597,0.0
-8425.646535,-13341.242175,-11317.962267,-36772.553536,-34130.018548,-32445.680493,-20519.884887,-45248.893827,0.0
-8415.20827,-13347.590071,-11320.733883,-36757.756681,-34138.869839,-32438.907914,-20484.256206,-45249.206751,0.0
-8400.903154,-13356.754286,-11319.973924,-36757.711978,-34147.564667,-32432.515315,-20494.158029,-45247.664481,0.0
-8394.95759,-13338.179986,-11296.437537,-36763.478728,-34125.056461,-32409.38126,-20493.800401,-45225.066867,0.0
-8424.975982,-13352.328641,-11313.38016,-36774.118158,-34146.000045,-32425.496867,-20500.170648,-45251.263112,0.0
-8426.853529,-13352.038068,-11307.88163,-36766.160937,-34146.357673,-32423.239341,-20488.592444,-45263.824792,0.0
-8430.787436,-13351.81455,-11296.437537,-36775.079283,-34156.661827,-32417.852571,-20466.508921,-45259.577961,0.0
-8430.250994,-13360.039992,-11309.915639,-36783.304725,-34158.584077,-32437.343292,-20478.981194,-45258.192153,0.0
-8405.842889,-13350.27228,-11305.937029,-36762.048216,-34117.725088,-32412.063469,-20480.791686,-45232.040612,0.0
-8407.183994,-13345.868986,-11303.411282,-36756.035597,-34110.885455,-32404.374469,-20471.046325,-45227.234987,0.0
-8396.343398,-13337.509434,-11284.121726,-36757.622571,-34118.440344,-32398.49596,-20456.003601,-45228.732554,0.0
-8405.149985,-13329.373399,-11280.009005,-36761.802347,-34124.743536,-32394.360887,-20456.271822,-45218.18253,0.0
-8405.999351,-13342.471521,-11294.627046,-36760.058911,-34118.529751,-32405.581463,-20462.932642,-45220.976498,0.0
-8418.1587,-13347.299498,-11297.376311,-36767.077359,-34117.74744,-32398.428905,-20456.674153,-45226.005641,0.0
-8424.350133,-13351.188702,-11299.387968,-36755.141527,-34121.055498,-32398.317146,-20431.215516,-45240.98131,0.0
-8431.972078,-13362.521036,-11301.667845,-36767.882021,-34120.094373,-32402.809847,-20461.099799,-45258.370967,0.0
-8456.737811,-13379.10603,-11310.943819,-36802.773095,-34132.700757,-32416.69028,-20516.867401,-45281.192098,0.0
-8434.207253,-13352.820379,-11285.507534,-36773.402902,-34121.748402,-32399.658251,-20480.702279,-45260.941417,0.0
-8443.460875,-13341.063361,-11279.003177,-36786.322211,-34133.192495,-32399.099457,-20485.798476,-45256.024034,0.0
-8435.034267,-13345.310193,-11274.219903,-36773.693475,-34110.863103,-32383.050905,-20463.178511,-45248.80442,0.0
-8435.526006,-13356.508417,-11286.08868,-36775.16869,-34109.633757,-32380.592213,-20457.702334,-45237.494437,0.0
-8433.626107,-13369.740649,-11303.813613,-36783.841167,-34117.456867,-32390.42698,-20469.548758,-45237.047403,0.0
-8441.940956,-13374.300405,-11303.098357,-36780.846033,-34117.568626,-32397.065448,-20463.42438,-45246.524542,0.0
-8465.454992,-13386.124478,-11313.89425,-36804.583586,-34136.701719,-32422.099402,-20483.40684,-45271.916124,0.0
-8465.253826,-13387.756155,-11309.625066,-36802.616632,-34132.365481,-32417.941978,-20486.290215,-45276.811156,0.0
-8450.300509,-13369.941815,-11294.135308,-36780.28724,-34116.741612,-32394.673812,-20459.155197,-45251.061946,0.0
-8440.443389,-13368.779524,-11295.521116,-36773.849937,-34117.054536,-32391.522216,-20436.624639,-45249.653786,0.0
-8445.740753,-13375.64151,-11296.370482,-36790.613746,-34122.776583,-32393.846797,-20462.999697,-45262.327225,0.0
-8444.980794,-13371.28292,-11286.22279,-36797.185158,-34113.411202,-32378.424094,-20486.647843,-45264.294179,0.0
-8467.220779,-13378.614292,-11296.102261,-36802.035487,-34118.909731,-32387.074219,-20490.537046,-45275.827679,0.0
-8465.812619,-13377.206132,-11297.10809,-36793.072437,-34104.090524,-32392.72921,-20479.517636,-45270.575019,0.0
-8459.621186,-13381.452964,-11302.36075,-36793.184196,-34105.543388,-32394.584405,-20472.074505,-45272.2514,0.0
-8439.54932,-13375.350937,-11296.772813,-36781.270716,-34106.683327,-32392.192768,-20451.868528,-45262.26017,0.0
-8448.668831,-13377.340243,-11296.705758,-36789.272641,-34107.912673,-32390.494036,-20467.470046,-45267.132851,0.0
-8474.753317,-13385.945664,-11299.67854,-36800.15794,-34109.119667,-32394.964384,-20490.090011,-45283.829604,0.0
-8468.964215,-13386.951493,-11301.578438,-36792.670106,-34108.918501,-32397.959518,-20479.674098,-45282.019112,0.0
-8459.598834,-13386.929141,-11300.684369,-36791.932498,-34118.887379,-32392.818617,-20467.335936,-45276.118252,0.0
-8439.236395,-13372.646376,-11284.948741,-36781.047199,-34114.439382,-32377.530024,-20456.294174,-45266.350539,0.0
-8461.252864,-13366.142019,-11277.63972,-36798.213339,-34119.043841,-32381.32982,-20469.034668,-45279.113386,0.0
-8468.673643,-13366.320833,-11278.15381,-36805.701173,-34117.166295,-32382.134483,-20473.862645,-45283.002589,0.0
-8465.43264,-13391.086565,-11304.998255,-36800.560272,-34109.812571,-32394.807922,-20471.448656,-45276.297066,0.0
-8461.789305,-13390.8854,-11308.440424,-36796.82753,-34108.784391,-32395.880806,-20460.920985,-45271.893772,0.0
-8463.108058,-13386.504458,-11301.310218,-36794.815873,-34112.919463,-32388.817655,-20458.998735,-45277.392301,0.0
-8456.782515,-13383.598731,-11299.410319,-36792.46894,-34108.493818,-32391.18694,-20462.932642,-45278.934572,0.0
-8459.28591,-13389.164315,-11305.154718,-36787.46215,-34096.22271,-32391.477512,-20463.469084,-45281.817947,0.0
-8465.075012,-13394.595789,-11308.932162,-36793.072437,-34109.03026,-32397.110152,-20466.799494,-45283.539031,0.0
-8462.862189,-13380.581245,-11298.292732,-36794.704115,-34110.751344,-32390.494036,-20456.405932,-45274.955961,0.0
-8458.436544,-13366.767867,-11283.317063,-36791.396057,-34103.285861,-32376.121864,-20449.119264,-45269.569191,0.0
-8445.271366,-13357.82717,-11269.347223,-36791.217243,-34097.340297,-32367.069407,-20446.749979,-45266.797574,0.0
-8444.958442,-13375.708565,-11287.161563,-36797.296917,-34109.521998,-32384.034381,-20455.333049,-45275.157127,0.0
-8441.359811,-13382.838772,-11295.364654,-36789.429103,-34108.113838,-32388.683544,-20446.571165,-45263.377757,0.0
-8422.584346,-13367.170199,-11280.07606,-36761.958809,-34084.644507,-32367.807015,-20422.811261,-45246.859818,0.0
-8447.215968,-13393.031167,-11305.892325,-36791.485464,-34114.03705,-32391.231643,-20448.538118,-45270.619723,0.0
-8446.254843,-13398.462641,-11313.357808,-36799.822664,-34126.039937,-32394.427943,-20447.487586,-45272.474917,0.0
-8441.60568,-13388.44906,-11305.780566,-36787.59626,-34117.389812,-32388.661192,-20438.770406,-45266.037615,0.0
-8449.249977,-13384.604559,-11297.75629,-36786.210452,-34107.800914,-32387.99064,-20437.116377,-45272.2514,0.0
-8457.341308,-13379.173086,-11290.313159,-36787.864481,-34097.608518,-32385.576652,-20436.870508,-45276.006493,0.0
-8437.828235,-13364.644452,-11272.476467,-36772.508833,-34089.964222,-32368.790492,-20421.559563,-45254.884095,0.0
-8427.725247,-13371.126458,-11276.23156,-36774.118158,-34097.787332,-32371.919736,-20424.644104,-45257.432193,0.0
-8445.204311,-13383.755193,-11290.603732,-36791.284298,-34110.796048,-32385.129617,-20439.060979,-45272.854897,0.0
-8429.088703,-13369.293615,-11278.332624,-36773.291144,-34095.57451,-32372.299716,-20422.252467,-45260.583789,0.0
-8432.396761,-13374.814495,-11282.780621,-36779.929612,-34101.765943,-32377.395913,-20423.280647,-45260.092051,0.0
-8450.881654,-13393.500554,-11303.455985,-36793.072437,-34114.148809,-32398.048925,-20436.356418,-45277.012322,0.0
-8457.162494,-13403.82706,-11318.275192,-36801.275528,-34132.410184,-32411.929358,-20445.118302,-45283.404921,0.0
-8410.268534,-13365.225597,-11282.646511,-36762.651713,-34101.296556,-32373.305544,-20407.94735,-45245.585769,0.0
-8396.589267,-13350.27228,-11271.157714,-36755.521507,-34085.672687,-32359.782739,-20389.23894,-45236.354498,0.0
-8419.477453,-13370.142981,-11292.861258,-36775.951001,-34105.31987,-32382.447408,-20410.450746,-45258.482725,0.0
-8431.569747,-13366.16437,-11286.08868,-36775.146338,-34104.068172,-32380.234585,-20412.104775,-45266.395243,0.0
-8425.288907,-13367.684289,-11285.820459,-36766.853841,-34105.610443,-32381.910966,-20409.579028,-45260.695548,0.0
-8416.683485,-13380.983577,-11298.493898,-36770.899507,-34110.751344,-32390.225815,-20411.993016,-45252.470106,0.0
-8409.285058,-13367.930158,-11281.48422,-36760.774167,-34096.066248,-32376.546547,-20402.024138,-45244.870513,0.0
-8424.528947,-13366.566702,-11282.646511,-36765.892716,-34099.821341,-32378.111169,-20404.929865,-45248.022109,0.0
-8403.764177,-13360.107048,-11277.326796,-36753.889829,-34085.605632,-32364.02957,-20386.556731,-45234.253434,0.0
-8399.405587,-13356.150789,-11273.258778,-36752.369911,-34082.543443,-32360.900326,-20383.785115,-45236.287443,0.0
-8428.820482,-13373.540446,-11287.094508,-36774.587545,-34105.342222,-32378.804073,-20405.935693,-45263.53422,0.0
-8431.48034,-13381.520019,-11296.325779,-36782.812987,-34120.362594,-32390.851663,-20413.155307,-45264.316531,0.0
-8430.653325,-13389.454888,-11307.74752,-36779.169652,-34122.217789,-32399.881768,-20413.535287,-45263.914199,0.0
-8402.601886,-13370.500609,-11291.229581,-36755.186231,-34099.217844,-32377.217099,-20390.580045,-45243.685871,0.0
-8397.39393,-13364.666803,-11287.340377,-36754.247457,-34094.948661,-32372.076198,-20382.891045,-45235.929815,0.0
-8403.227735,-13367.863103,-11292.414223,-36759.634228,-34094.769847,-32378.111169,-20382.511065,-45238.075583,0.0
-8411.028494,-13375.865027,-11296.839869,-36764.864536,-34110.617234,-32386.58248,-20391.228246,-45248.80442,0.0
-8405.149985,-13360.017641,-11279.673729,-36757.175536,-34106.929196,-32376.524195,-20381.974623,-45244.848161,0.0
-8399.31618,-13350.339335,-11270.487162,-36754.850954,-34098.100257,-32367.114111,-20383.002804,-45240.377812,0.0
-8402.288962,-13361.582263,-11276.99152,-36753.442794,-34092.914652,-32369.483396,-20383.762763,-45238.656728,0.0
-8409.642686,-13364.24212,-11279.181991,-36760.885925,-34095.954489,-32371.897384,-20381.795809,-45237.382679,0.0
-8430.429808,-13380.983577,-11296.258723,-36780.398998,-34114.081754,-32388.728248,-20401.040661,-45254.794688,0.0
-8422.204366,-13375.887379,-11294.470584,-36772.061798,-34110.997213,-32383.162663,-20394.178676,-45250.391394,0.0
-8414.135386,-13372.69108,-11292.347168,-36767.300876,-34104.381097,-32375.540719,-20384.925054,-45238.2991,0.0
-8401.998389,-13362.163408,-11283.697043,-36756.639094,-34094.591033,-32366.130634,-20369.658812,-45226.184455,0.0
-8377.880857,-13347.813588,-11268.54256,-36732.096879,-34077.179024,-32350.283247,-20351.442141,-45211.812283,0.0
-8396.477508,-13365.829094,-11282.087717,-36744.725614,-34094.143998,-32365.124806,-20366.887196,-45228.665498,0.0
-8431.055657,-13390.840696,-11304.55122,-36776.085112,-34116.294577,-32389.532911,-20391.474115,-45252.581865,0.0
-8423.120788,-13381.989405,-11296.839869,-36770.519527,-34108.694984,-32386.694239,-20389.753031,-45249.944359,0.0
-8415.476491,-13364.912673,-11279.383156,-36764.573963,-34105.230463,-32376.546547,-20387.942539,-45248.580903,0.0
-8423.187843,-13363.683327,-11277.662072,-36770.854803,-34107.890321,-32374.803111,-20393.709289,-45255.174667,0.0
-8425.8477,-13383.419917,-11293.26359,-36768.194946,-34106.884492,-32382.402704,-20391.362356,-45257.968635,0.0
-8412.77193,-13382.615254,-11298.337436,-36756.750853,-34099.262547,-32381.486283,-20372.698649,-45240.131943,0.0
-8407.429863,-13373.920426,-11292.682444,-36758.583696,-34104.626966,-32375.250146,-20371.625766,-45227.950243,0.0
-8408.100415,-13371.640548,-11290.335511,-36763.791652,-34104.559911,-32373.909041,-20371.961042,-45230.073658,0.0
-8404.412377,-13368.377193,-11289.530848,-36760.729463,-34097.943794,-32373.350248,-20369.435295,-45231.995908,0.0
-8410.872032,-13366.477295,-11284.211133,-36766.160937,-34098.480236,-32373.104378,-20375.179693,-45237.114458,0.0
-8422.964325,-13373.048708,-11287.273322,-36771.257135,-34106.280995,-32378.424094,-20386.713193,-45250.525504,0.0
-8412.123729,-13371.193513,-11284.121726,-36758.695454,-34098.927271,-32368.969306,-20379.515932,-45239.930778,0.0
-8405.798186,-13366.633757,-11278.198514,-36749.888867,-34083.973954,-32360.56505,-20370.284661,-45232.934682,0.0
-8416.459968,-13379.10603,-11292.324816,-36756.035597,-34091.35003,-32371.673867,-20369.234129,-45242.635339,0.0
-8422.472587,-13381.587074,-11299.075043,-36772.978219,-34108.069135,-32377.261803,-20373.883292,-45242.724746,0.0
-8400.612581,-13361.179931,-11275.896284,-36759.701283,-34096.334469,-32358.620448,-20360.673411,-45226.206806,0.0
-8396.209287,-13352.954489,-11262.865217,-36746.446698,-34086.544405,-32349.277419,-20356.292469,-45222.652879,0.0
-8414.448311,-13357.424838,-11267.179104,-36753.196925,-34089.450132,-32354.41832,-20365.389629,-45227.056173,0.0
-8430.116884,-13364.800914,-11275.181028,-36770.497176,-34099.754286,-32363.090797,-20378.867731,-45232.800571,0.0
-8429.044,-13370.38885,-11280.83602,-36771.055969,-34098.860216,-32361.906154,-20379.404173,-45235.996871,0.0
-8412.615468,-13361.336394,-11273.348185,-36759.477765,-34093.249928,-32354.28421,-20368.116542,-45226.564434,0.0
-8403.853584,-13352.57451,-11264.251025,-36750.738233,-34085.2033,-32347.042244,-20357.946498,-45216.997888,0.0
-8398.444462,-13345.489007,-11259.378345,-36742.669254,-34069.735893,-32339.55441,-20349.050504,-45209.644164,0.0
-8398.399758,-13352.842731,-11264.921578,-36743.563323,-34076.083788,-32342.057805,-20350.860995,-45209.197129,0.0
-8398.913848,-13362.051649,-11271.984729,-36749.732405,-34085.225652,-32348.092776,-20354.146702,-45212.594594,0.0
-8422.025552,-13376.379118,-11282.534752,-36765.93742,-34095.373344,-32358.374579,-20366.440161,-45227.27969,0.0
-8430.899195,-13374.188647,-11279.04788,-36775.03458,-34094.367515,-32357.189936,-20370.91051,-45231.325356,0.0
-8423.947802,-13363.571568,-11268.654319,-36770.832452,-34090.97005,-32349.277419,-20367.334231,-45228.151408,0.0
-8415.610601,-13361.224635,-11267.715546,-36762.070568,-34092.065286,-32351.512593,-20361.925109,-45227.27969,0.0
-8409.597982,-13358.251853,-11264.608653,-36750.380606,-34085.404466,-32343.667131,-20358.125312,-45219.166007,0.0
-8424.68541,-13374.814495,-11281.126592,-36762.405844,-34092.042934,-32358.106358,-20372.721001,-45230.386583,0.0
-8427.434674,-13379.217789,-11287.049805,-36768.530222,-34092.534672,-32368.499919,-20374.978527,-45234.655766,0.0
-8414.716532,-13360.442324,-11270.509514,-36758.918972,-34082.699905,-32351.378483,-20359.064085,-45220.685926,0.0
-8420.103302,-13358.788295,-11267.536732,-36765.065702,-34091.059457,-32346.148175,-20361.187501,-45224.195149,0.0
-8416.214098,-13360.755248,-11268.654319,-36761.84705,-34088.824283,-32345.432919,-20360.248728,-45221.736458,0.0
-8409.128595,-13364.823266,-11272.364708,-36755.007417,-34085.940908,-32346.572858,-20356.493635,-45218.495455,0.0
-8415.58825,-13363.415106,-11269.615444,-36755.56621,-34088.645469,-32347.824555,-20357.208891,-45221.065905,0.0
-8406.915773,-13354.049725,-11260.048897,-36757.555515,-34088.421951,-32343.465965,-20359.064085,-45218.718972,0.0
-8408.525098,-13350.093466,-11253.790409,-36758.807213,-34086.566757,-32337.967436,-20364.339097,-45223.43519,0.0
-8428.194634,-13368.176027,-11273.258778,-36769.26783,-34096.289765,-32353.054864,-20375.537321,-45234.544007,0.0
-8427.009991,-13371.349975,-11278.332624,-36763.299914,-34088.176082,-32354.820651,-20367.781266,-45221.848216,0.0
-8423.478415,-13373.227522,-11280.545447,-36758.695454,-34082.364629,-32355.245335,-20361.522777,-45220.61887,0.0
-8428.194634,-13371.439382,-11277.349147,-36766.026827,-34089.696001,-32354.015989,-20366.954251,-45231.034783,0.0
-8416.124692,-13356.441361,-11265.368612,-36753.353388,-34074.474463,-32342.169564,-20353.520853,-45218.227234,0.0
-8414.783587,-13364.264472,-11272.230598,-36749.106556,-34072.529861,-32346.617561,-20350.078684,-45217.355516,0.0
-8416.974058,-13359.257681,-11267.044993,-36749.41948,-34076.709637,-32343.465965,-20350.503367,-45214.539196,0.0
-8421.042075,-13349.154693,-11260.026546,-36760.081263,-34083.973954,-32338.883858,-20356.895966,-45216.193225,0.0
-8411.900212,-13344.237309,-11250.549406,-36757.711978,-34079.168329,-32329.965512,-20353.722018,-45209.577109,0.0
-8409.530927,-13342.627983,-11245.743781,-36750.894696,-34074.228594,-32328.065613,-20346.301239,-45207.67721,0.0
-8394.108223,-13330.133358,-11236.713676,-36737.818925,-34068.640658,-32322.120049,-20333.739559,-45203.788007,0.0
-8402.579534,-13343.544405,-11252.516359,-36747.273713,-34078.765998,-32335.687558,-20342.792015,-45210.068847,0.0
-8421.846738,-13364.487989,-11274.555179,-36763.277562,-34086.61146,-32349.836212,-20357.343001,-45213.868644,0.0
-8428.641668,-13370.344147,-11284.211133,-36771.100673,-34087.349068,-32353.993637,-20363.690896,-45218.070771,0.0
-8429.759256,-13369.785353,-11281.215999,-36766.9656,-34084.800969,-32351.803166,-20360.181673,-45224.664536,0.0
-8435.816578,-13368.019565,-11278.600845,-36771.011266,-34088.667821,-32353.121919,-20365.568443,-45227.503208,0.0
-8435.593061,-13368.354841,-11279.606674,-36772.397074,-34092.087637,-32354.641837,-20369.770571,-45229.403106,0.0
-8425.914756,-13354.206187,-11265.837999,-36764.328094,-34088.667821,-32341.811936,-20363.936766,-45217.690792,0.0
-8418.449273,-13346.092504,-11256.852598,-36755.297989,-34083.303402,-32335.218172,-20353.856129,-45212.684001,0.0
-8404.792357,-13335.654239,-11245.743781,-36744.904428,-34070.004114,-32327.864448,-20346.770626,-45208.124245,0.0
-8416.61643,-13338.828187,-11246.794313,-36752.325207,-34070.33939,-32330.278436,-20352.939707,-45214.405085,0.0
-8430.675677,-13347.83594,-11253.633947,-36766.540917,-34076.62023,-32333.452384,-20358.639402,-45216.886129,0.0
-8442.298584,-13370.455905,-11274.376365,-36782.008324,-34094.076943,-32346.528154,-20367.401286,-45219.97067,0.0
-8438.923471,-13370.746478,-11276.320967,-36785.29403,-34101.050687,-32348.27159,-20369.345888,-45218.674269,0.0
-8425.244203,-13355.033202,-11263.021679,-36772.911164,-34087.170254,-32337.654512,-20356.784207,-45216.394391,0.0
-8428.14993,-13352.686268,-11256.986708,-36760.461242,-34071.971067,-32330.189029,-20348.3576,-45213.533367,0.0
-8429.379276,-13356.173141,-11263.871046,-36756.281466,-34074.586222,-32339.308541,-20346.770626,-45211.52171,0.0
-8413.666,-13349.601728,-11256.87495,-36754.694492,-34073.088655,-32334.368805,-20343.015533,-45203.430379,0.0
-8420.639744,-13347.433608,-11251.443476,-36755.543858,-34071.255812,-32331.284264,-20344.535451,-45208.683039,0.0
-8433.894328,-13357.782466,-11260.004194,-36759.053082,-34078.676591,-32341.387253,-20354.683143,-45223.703411,0.0
-8428.596965,-13366.142019,-11267.559083,-36759.589524,-34087.192605,-32347.645741,-20358.10296,-45225.379792,0.0
-8415.58825,-13368.667766,-11269.906017,-36757.443757,-34092.400562,-32350.596172,-20356.739504,-45223.234024,0.0
-8383.804069,-13351.747495,-11256.249101,-36731.515733,-34070.406445,-32331.597189,-20331.794957,-45199.071789,0.0
-8365.743859,-13349.177045,-11255.645604,-36719.758716,-34063.767977,-32322.880009,-20318.875649,-45185.414873,0.0
-8349.114162,-13345.824283,-11257.210226,-36710.773314,-34061.175175,-32319.750764,-20310.918428,-45175.37894,1.0
-8346.923691,-13342.06919,-11256.472618,-36708.560492,-34059.297628,-32319.460192,-20310.292579,-45173.72491,0.0
-8365.319176,-13349.020582,-11263.267548,-36724.29612,-34069.44532,-32330.658416,-20324.709454,-45187.113605,0.0
-8354.880912,-13330.066303,-11242.055743,-36714.908387,-34055.386073,-32314.207532,-20309.01853,-45172.495565,0.0
-8376.00331,-13328.434626,-11237.138359,-36731.225161,-34057.26362,-32312.486447,-20315.411128,-45177.077672,0.0
-8403.384197,-13338.828187,-11248.381287,-36741.574018,-34067.679532,-32325.986901,-20330.833832,-45196.546042,0.0
-8407.027532,-13338.314097,-11245.386153,-36742.356329,-34071.591088,-32326.299825,-20339.372199,-45201.329315,0.0
-8415.34238,-13344.840806,-11247.576624,-36753.465146,-34075.524995,-32328.043262,-20344.13312,-45204.257393,0.0
-8415.655305,-13350.361687,-11250.549406,-36758.315475,-34077.491948,-32328.602055,-20344.714265,-45202.223385,0.0
-8414.850642,-13350.719315,-11252.024621,-36759.835393,-34081.314097,-32330.45725,-20346.100074,-45202.536309,0.0
-8426.987639,-13351.412219,-11256.271452,-36766.45151,-34087.840806,-32334.502916,-20352.515024,-45205.665553,0.0
-8427.412322,-13356.083734,-11263.178141,-36767.814966,-34091.48414,-32339.219134,-20354.593736,-45210.672344,0.0
-8423.299601,-13351.30046,-11257.679612,-36762.495251,-34086.209129,-32336.492221,-20351.799768,-45211.275841,0.0
-8403.384197,-13325.618306,-11229.069379,-36737.863629,-34064.527937,-32313.604035,-20330.29739,-45194.176757,0.0
-8409.933258,-13344.304364,-11245.587319,-36742.222219,-34073.066303,-32324.265817,-20338.120501,-45200.524652,0.0
-8411.36377,-13353.178007,-11254.907996,-36751.162917,-34076.284954,-32328.602055,-20337.718169,-45199.630582,0.0
-8417.398741,-13360.26351,-11262.462886,-36758.136661,-34078.207204,-32334.525267,-20339.103978,-45203.922117,0.0
-8434.095494,-13370.947644,-11275.940988,-36766.362103,-34088.53371,-32346.148175,-20352.135045,-45217.556681,0.0
-8438.476436,-13373.071059,-11278.712604,-36778.36499,-34098.837864,-32349.992675,-20361.075742,-45223.993984,0.0
-8432.352058,-13365.918501,-11268.900188,-36773.134681,-34091.573547,-32340.716701,-20356.001896,-45210.694696,0.0
-8442.656212,-13374.523923,-11273.705813,-36778.476748,-34100.514245,-32346.796375,-20366.596623,-45216.573205,0.0
-8431.279174,-13358.765943,-11259.087772,-36766.250344,-34092.333507,-32334.614674,-20357.275946,-45211.186434,0.0
-8413.643648,-13339.431684,-11238.546519,-36748.100728,-34075.636754,-32316.666224,-20340.914469,-45198.289478,0.0
-8422.047904,-13357.380135,-11257.947833,-36754.783899,-34081.425855,-32330.434898,-20345.854204,-45208.168949,0.0
-8418.359866,-13370.90294,-11273.929331,-36761.936457,-34084.957431,-32341.946047,-20349.676353,-45211.924042,0.0
-8409.307409,-13364.130362,-11267.603787,-36757.667274,-34082.945774,-32338.436823,-20345.138949,-45207.341934,0.0
-8413.80011,-13356.843693,-11259.82538,-36757.063777,-34084.5551,-32333.40768,-20341.227393,-45200.88228,0.0
-8415.632953,-13353.848559,-11256.271452,-36752.548725,-34077.849576,-32328.400889,-20333.761911,-45193.081521,0.0
-8422.070256,-13361.604614,-11265.033336,-36754.180402,-34081.112931,-32336.067538,-20339.036922,-45199.049437,0.0
-8420.796206,-13364.175065,-11264.854522,-36754.269809,-34083.392809,-32337.028663,-20339.953344,-45202.268088,0.0
-8422.561994,-13363.906844,-11261.278243,-36757.890792,-34083.817492,-32337.296884,-20344.334286,-45208.794798,0.0
-8438.543491,-13373.674556,-11272.632929,-36773.134681,-34097.899091,-32350.238544,-20359.131141,-45223.882225,0.0
-8434.251956,-13371.729955,-11268.676671,-36767.85967,-34097.317946,-32344.42709,-20357.052428,-45215.321507,0.0
-8416.281154,-13360.017641,-11254.595072,-36754.761547,-34084.30923,-32328.378538,-20341.227393,-45199.921155,0.0
-8411.274363,-13352.418047,-11245.900243,-36749.710053,-34078.386018,-32319.415488,-20331.303219,-45191.338085,0.0
-8411.386122,-13357.96128,-11251.734048,-36747.36312,-34079.503605,-32325.3387,-20330.833832,-45191.27103,0.0
-8409.553279,-13360.352917,-11255.46679,-36748.815983,-34080.084751,-32331.284264,-20336.31001,-45195.271992,0.0
-8426.540604,-13368.623062,-11260.361822,-36761.824699,-34096.312117,-32339.867334,-20356.761856,-45212.818112,0.0
-8424.350133,-13372.244045,-11262.351127,-36761.087091,-34099.240196,-32340.627294,-20354.660792,-45211.00762,0.0
-8410.514404,-13368.891283,-11257.858426,-36751.945228,-34086.209129,-32333.340625,-20341.540318,-45197.149539,0.0
-8405.909944,-13371.528789,-11259.735973,-36746.916085,-34079.503605,-32333.050052,-20338.008742,-45198.982382,0.0
-8416.839947,-13373.786315,-11263.356955,-36748.033672,-34085.113893,-32336.514573,-20341.026228,-45200.725818,0.0
-8420.952668,-13374.412164,-11266.262682,-36752.347559,-34088.801931,-32339.196782,-20341.875594,-45201.39637,0.0
-8422.405532,-13376.53558,-11267.469676,-36759.947152,-34090.746533,-32338.481526,-20342.07676,-45199.652934,0.0
-8410.33559,-13370.947644,-11257.14317,-36750.961751,-34077.38019,-32326.389232,-20334.387759,-45193.305039,0.0
-8416.459968,-13380.223618,-11263.401659,-36750.358254,-34078.229556,-32330.926637,-20334.410111,-45197.663629,0.0
-8427.792302,-13402.307141,-11286.289845,-36765.155109,-34100.804818,-32353.90423,-20349.676353,-45214.427437,0.0
-8432.352058,-13402.396548,-11288.212095,-36771.994742,-34110.281957,-32360.766215,-20355.331344,-45218.987193,0.0
-8417.711665,-13377.384946,-11259.624214,-36753.018111,-34086.834977,-32336.715738,-20335.482995,-45199.138844,0.0
-8404.345322,-13360.889359,-11240.871101,-36740.545838,-34072.932192,-32318.432011,-20325.223544,-45181.950352,0.0
-8401.23843,-13374.881551,-11254.639775,-36746.312588,-34081.649373,-32328.378538,-20334.074835,-45192.254507,0.0
-8409.218002,-13389.186667,-11265.033336,-36747.094899,-34086.007963,-32338.28036,-20338.053446,-45203.743303,0.0
-8416.124692,-13390.863048,-11265.97211,-36746.916085,-34084.376286,-32339.196782,-20333.985428,-45203.475082,0.0
-8412.727226,-13385.945664,-11259.333641,-36747.653693,-34079.369495,-32331.552485,-20334.186594,-45194.959068,0.0
-8416.75054,-13391.086565,-11265.480371,-36755.163879,-34088.444303,-32336.291055,-20341.69678,-45199.563527,0.0
-8419.164529,-13395.266342,-11269.548389,-36754.627437,-34093.719315,-32341.789584,-20343.75314,-45208.928908,0.0
-8422.740808,-13403.536487,-11276.835057,-36751.72171,-34091.148864,-32345.499974,-20343.306106,-45213.30985,0.0
-8413.554241,-13396.205115,-11269.95072,-36741.059928,-34080.643544,-32337.073366,-20335.41594,-45202.379847,0.0
-8403.451252,-13382.570551,-11256.338508,-36739.718823,-34074.921498,-32325.986901,-20330.67737,-45191.673361,0.0
-8408.770968,-13387.398528,-11260.048897,-36744.099765,-34077.715466,-32329.741994,-20334.991257,-45199.697638,0.0
-8410.760273,-13392.360615,-11263.781639,-36753.353388,-34086.387943,-32335.017006,-20342.255574,-45207.431341,0.0
-8404.390026,-13390.930103,-11260.451229,-36748.748928,-34084.063361,-32331.418375,-20336.377065,-45198.736513,0.0
-8404.70295,-13390.416013,-11259.95949,-36746.133774,-34080.442379,-32331.798355,-20329.917411,-45191.181623,0.0
-8413.688351,-13393.589961,-11263.826342,-36754.090995,-34088.511358,-32334.502916,-20336.175899,-45192.29921,0.0
-8411.676694,-13393.925237,-11263.044031,-36751.453489,-34086.969088,-32331.99952,-20334.633629,-45194.266164,0.0
-8414.962401,-13393.32174,-11260.697098,-36749.933571,-34086.387943,-32331.463078,-20335.259478,-45197.328353,0.0
-8415.230622,-13392.919408,-11258.663089,-36748.793632,-34080.174158,-32331.127802,-20335.55005,-45198.378885,0.0
-8408.346284,-13383.375214,-11247.666031,-36743.496268,-34072.485158,-32321.673014,-20327.704588,-45190.399312,0.0
-8395.829308,-13372.981652,-11236.75838,-36739.495306,-34070.20528,-32310.184218,-20318.830945,-45175.602457,0.0
-8405.418206,-13390.572475,-11255.489141,-36754.001588,-34082.610498,-32325.003424,-20330.856184,-45187.672399,0.0
-8408.972133,-13394.036996,-11255.019755,-36750.425309,-34080.777655,-32324.221113,-20329.246858,-45185.079597,0.0
-8415.878822,-13389.052557,-11243.910938,-36747.385472,-34077.201376,-32318.02968,-20326.609352,-45182.844422,0.0
-8422.450235,-13397.277999,-11250.102371,-36752.2358,-34078.251908,-32323.438802,-20331.079701,-45188.119434,0.0
-8412.503709,-13396.428632,-11246.347278,-36747.430175,-34068.730064,-32314.31929,-20324.217716,-45181.391559,0.0
-8416.23645,-13399.289656,-11236.266641,-36759.969504,-34064.147957,-32297.175502,-20323.345998,-45174.730739,0.0
-8419.320991,-13413.103034,-11250.325888,-36769.089016,-34067.344256,-32307.859636,-20326.31878,-45181.235097,0.0
-8405.529965,-13406.755138,-11254.282147,-36747.139603,-34077.357838,-32325.964549,-20326.609352,-45186.085425,0.0
-8417.577555,-13409.280885,-11257.00906,-36752.146393,-34091.886472,-32334.882895,-20333.605448,-45194.713199,0.0
-8414.135386,-13400.250781,-11243.396848,-36748.994797,-34085.002134,-32322.611788,-20330.453852,-45190.332257,0.0
-8416.929354,-13411.739577,-11248.895377,-36754.359216,-34086.164425,-32323.684671,-20338.209908,-45195.741379,0.0
-8405.73113,-13413.080682,-11247.733086,-36747.899562,-34078.207204,-32317.672052,-20324.91062,-45178.307018,0.0
-8407.809843,-13419.629743,-11256.025583,-36750.112385,-34081.984649,-32327.439764,-20328.062216,-45174.261352,0.0
-8432.776741,-13442.65204,-11279.964302,-36772.553536,-34104.29169,-32354.328913,-20351.911527,-45199.518824,0.0
-8428.731075,-13438.315801,-11271.671804,-36768.262001,-34097.697925,-32344.985884,-20343.082588,-45197.976553,0.0
-8412.302543,-13422.088435,-11256.450266,-36750.380606,-34086.723219,-32332.200686,-20324.664751,-45184.856079,0.0
-8411.87786,-13425.977638,-11258.059592,-36748.413652,-34088.690172,-32334.480564,-20328.822175,-45190.37696,0.0
-8423.836043,-13440.930956,-11270.263644,-36757.756681,-34097.228539,-32344.069462,-20339.103978,-45201.530481,0.0
-8427.457026,-13458.857055,-11285.820459,-36767.144414,-34105.208111,-32357.167585,-20347.217661,-45205.844367,0.0
-8426.831177,-13467.685994,-11294.045901,-36767.502042,-34107.935024,-32361.21325,-20346.122425,-45205.419684,0.0
-8419.298639,-13466.61311,-11291.006063,-36753.666312,-34103.375268,-32356.966419,-20334.432463,-45195.584917,0.0
-8420.773854,-13470.770534,-11291.229581,-36756.706149,-34103.01764,-32357.949896,-20336.95821,-45198.691809,0.0
-8433.804921,-13478.14661,-11295.118784,-36772.397074,-34115.892245,-32368.030532,-20351.151568,-45211.856987,0.0
-8432.575575,-13474.704441,-11289.508496,-36772.061798,-34117.456867,-32367.583497,-20354.034943,-45216.036763,0.0
-8434.855453,-13480.806468,-11287.586246,-36773.179385,-34117.590978,-32366.734131,-20358.572347,-45219.434228,0.0
-8432.620279,-13491.669415,-11292.146002,-36765.713902,-34114.104106,-32369.215175,-20354.191405,-45213.30985,0.0
-8433.067314,-13501.504183,-11298.829174,-36765.088053,-34113.455905,-32374.177262,-20349.117559,-45211.00762,0.0
-8429.55809,-13505.192221,-11298.382139,-36767.278524,-34114.03705,-32370.668038,-20347.172957,-45209.219481,0.0
-8431.681506,-13508.880259,-11298.180973,-36767.747911,-34114.707603,-32367.628201,-20346.792978,-45211.789931,0.0
-8424.461892,-13507.74032,-11297.085738,-36764.998646,-34110.259606,-32366.063579,-20342.032056,-45207.721914,0.0
-8435.011916,-13524.52648,-11307.926334,-36774.967524,-34119.133248,-32377.820596,-20349.944574,-45213.600423,0.0
-8443.304413,-13535.389428,-11315.771796,-36783.170615,-34130.666748,-32384.906099,-20362.685068,-45220.529463,0.0
-8420.349171,-13517.150404,-11293.151831,-36762.808175,-34114.238216,-32366.935297,-20345.854204,-45207.408989,0.0
-8418.605735,-13522.112491,-11293.241238,-36762.271734,-34110.95251,-32369.170471,-20342.568498,-45207.565452,0.0
-8420.103302,-13523.744169,-11287.943874,-36762.629361,-34109.92433,-32363.873108,-20343.596678,-45204.3468,0.0
-8425.8477,-13530.539099,-11292.525982,-36765.020998,-34114.774658,-32368.835195,-20343.373161,-45206.157292,0.0
-8436.129503,-13558.769352,-11315.905907,-36770.988914,-34121.748402,-32386.046038,-20350.771588,-45215.925004,0.0
-8436.062448,-13571.331033,-11323.036113,-36771.726521,-34119.580283,-32386.291908,-20353.587908,-45212.92987,0.0
-8435.637764,-13574.057945,-11324.488977,-36769.558402,-34119.490876,-32386.984812,-20350.771588,-45210.962917,0.0
-8435.078971,-13576.941321,-11320.756235,-36776.040408,-34126.442269,-32385.531948,-20355.420751,-45214.606251,0.0
-8430.005125,-13573.521504,-11311.346151,-36780.555461,-34124.229446,-32378.424094,-20358.371181,-45212.348725,0.0
-8426.60766,-13569.945225,-11305.244125,-36772.374722,-34113.210036,-32371.450349,-20343.641382,-45204.905594,0.0
-8433.983735,-13575.309643,-11305.892325,-36777.627382,-34120.742574,-32373.12673,-20343.484919,-45208.57128,0.0
-8421.600869,-13574.147352,-11298.382139,-36768.552574,-34114.729955,-32363.917811,-20334.790091,-45189.929925,0.0
-8419.276287,-13576.851914,-11297.890401,-36773.648771,-34119.736745,-32369.326934,-20343.708437,-45190.399312,0.0
-8423.389008,-13583.445678,-11295.31995,-36775.481615,-34114.819362,-32368.38816,-20342.881422,-45195.070826,0.0
-8427.099398,-13596.834373,-11302.293694,-36778.208527,-34111.891283,-32370.332762,-20343.909603,-45200.792873,0.0
-8423.165491,-13599.047196,-11302.092529,-36773.894641,-34109.432591,-32369.975134,-20343.529623,-45206.447864,0.0
-8422.584346,-13594.800364,-11290.44727,-36774.811062,-34108.471466,-32362.219079,-20345.54128,-45204.078579,0.0
-8426.808825,-13606.825603,-11295.945799,-36782.790635,-34117.412164,-32366.018875,-20350.503367,-45201.239908,0.0
-8424.908927,-13612.078263,-11296.281075,-36781.807158,-34116.495742,-32362.397893,-20342.702608,-45187.717102,0.0
-8419.030418,-13618.940248,-11297.75629,-36772.844109,-34109.969033,-32362.442596,-20333.985428,-45191.315733,0.0
-8419.05277,-13621.77892,-11295.096433,-36768.910202,-34109.633757,-32363.38137,-20338.053446,-45196.501338,0.0
-8416.839947,-13623.075321,-11291.162526,-36770.519527,-34106.571568,-32359.849794,-20339.171033,-45192.858004,0.0
-8427.479378,-13635.704057,-11300.349093,-36777.359161,-34109.253777,-32367.784663,-20345.094245,-45195.294344,0.0
-8416.571726,-13633.915917,-11295.722281,-36770.318362,-34102.88353,-32362.017913,-20338.992219,-45190.019332,0.0
-8417.286982,-13637.425141,-11292.034244,-36768.150242,-34101.430667,-32358.821614,-20339.595716,-45191.472196,0.0
-8428.52991,-13637.872176,-11286.021624,-36775.481615,-34102.145922,-32356.452329,-20340.735655,-45195.428454,0.0
-8432.217948,-13644.242423,-11287.541543,-36784.981106,-34108.784391,-32360.18507,-20346.882385,-45196.791911,0.0
-8434.453122,-13663.800199,-11300.05852,-36789.89849,-34113.053574,-32367.717608,-20351.397437,-45194.824957,0.0
-8421.645572,-13661.945005,-11295.051729,-36782.433007,-34106.616271,-32359.782739,-20342.143815,-45180.206916,0.0
-8410.268534,-13657.631118,-11291.60956,-36772.799405,-34104.157579,-32354.574782,-20333.538393,-45178.619943,0.0
-8413.218965,-13661.63208,-11291.47545,-36761.064739,-34098.882568,-32355.804128,-20316.595771,-45185.034893,0.0
-8422.114959,-13663.263758,-11287.161563,-36775.526318,-34104.269338,-32355.379445,-20327.279905,-45190.913402,0.0
-8422.740808,-13665.677746,-11285.552238,-36787.953888,-34108.180893,-32354.150099,-20342.635553,-45191.673361,0.0
-8433.357886,-13679.535828,-11295.588171,-36800.448513,-34115.556969,-32364.253088,-20359.287603,-45202.446902,0.0
-8427.300564,-13677.032432,-11289.352034,-36787.640964,-34113.321795,-32362.129672,-20354.303164,-45196.724856,0.0
-8429.401628,-13682.419203,-11289.910828,-36787.395094,-34119.267359,-32364.186032,-20355.130178,-45197.685981,0.0
-8424.81952,-13686.174296,-11287.876819,-36784.846995,-34112.137152,-32359.022779,-20345.518928,-45182.643257,0.0
-8416.303505,-13680.094621,-11281.551275,-36777.046237,-34103.107047,-32350.439709,-20338.209908,-45177.100024,0.0
-8415.387084,-13688.767098,-11284.479354,-36772.35237,-34094.322812,-32343.913,-20333.873669,-45180.408082,0.0
-8412.123729,-13693.773889,-11287.988578,-36773.11233,-34092.847597,-32346.662265,-20330.118576,-45179.87164,0.0
-8413.889517,-13701.284075,-11300.103223,-36782.880042,-34104.850484,-32360.654457,-20338.433425,-45185.973666,0.0
-8423.031381,-13708.123709,-11307.971037,-36785.875176,-34115.221693,-32372.590288,-20346.56946,-45194.377922,0.0
-8426.942936,-13703.966284,-11296.839869,-36791.776036,-34117.859199,-32364.901288,-20347.508233,-45191.65101,0.0
